
24.53
24.53
24.53
24.53
24.53
24.53
24.53
24.52
24.53
24.52
24.52
24.52
24.52
24.52
24.52
24.52
24.52
24.52
24.52
24.51
24.51
24.51
24.51
24.51
24.51
24.51
24.51
24.51
24.51
24.51
24.51
24.51
24.51
24.52
24.53
24.53
24.54
24.55
24.56
24.57
24.58
24.6
24.62
24.64
24.67
24.7
24.73
24.77
24.81
24.85
24.9
24.95
25.01
25.07
25.13
25.2
25.27
25.34
25.42
25.5
25.58
25.66
25.74
25.83
25.91
26.0
26.08
26.17
26.25
26.34
26.43
26.52
26.61
26.71
26.8
26.89
26.98
27.07
27.16
27.25
27.34
27.43
27.52
27.61
27.7
27.79
27.88
27.97
28.05
28.14
28.23
28.31
28.4
28.48
28.56
28.64
28.71
28.78
28.85
28.91
28.98
29.03
29.08
29.13
29.17
29.21
29.24
29.27
29.3
29.32
29.34
29.35
29.36
29.37
29.38
29.38
29.37
29.37
29.36
29.35
29.34
29.32
29.31
29.29
29.27
29.25
29.23
29.2
29.18
29.16
29.13
29.11
29.08
29.06
29.03
29.0
28.97
28.95
28.92
28.89
28.86
28.83
28.8
28.77
28.75
28.72
28.68
28.65
28.62
28.58
28.55
28.52
28.49
28.46
28.43
28.4
28.37
28.34
28.31
28.28
28.24
28.22
28.19
28.16
28.13
28.1
28.07
28.04
28.01
27.99
27.96
27.93
27.91
27.88
27.85
27.83
27.8
27.78
27.75
27.73
27.71
27.68
27.66
27.64
27.62
27.6
27.58
27.56
27.55
27.54
27.52
27.5
27.49
27.48
27.46
27.45
27.44
27.43
27.42
27.41
27.4
27.4
27.39
27.39
27.39
27.39
27.38
27.38
27.39
27.39
27.4
27.4
27.41
27.42
27.42
27.43
27.44
27.45
27.46
27.47
27.48
27.49
27.5
27.51
27.52
27.53
27.54
27.55
27.55
27.56
27.57
27.58
27.58
27.59
27.6
27.6
27.61
27.61
27.62
27.62
27.63
27.63
27.63
27.63
27.63
27.63
27.63
27.63
27.63
27.63
27.63
27.62
27.62
27.62
27.62
27.62
27.61
27.61
27.61
27.6
27.6
27.59
27.59
27.59
27.59
27.58
27.58
27.58
27.57
27.57
27.56
27.56
27.55
27.55
27.55
27.54
27.54
27.54
27.53
27.53
27.53
27.53
27.53
27.53
27.52
27.52
27.52
27.52
27.52
27.52
27.51
27.51
27.52
27.51
27.52
27.52
27.52
27.52
27.52
27.53
27.53
27.53
27.53
27.53
27.53
27.53
27.54
27.54
27.54
27.54
27.55
27.55
27.55
27.55
27.55
27.55
27.55
27.56
27.56
27.56
27.56
27.56
27.56
27.56
27.56
27.56
27.56
27.56
27.56
27.56
27.56
27.56
27.57
27.57
27.57
27.57
27.57
27.57
27.57
27.57
27.56
27.56
27.56
27.56
27.56
27.56
27.56
27.56
27.56
27.56
27.56
27.56
27.56
27.56
27.55
27.55
27.55
27.55
27.55
27.55
27.55
27.55
27.56
27.55
27.55
27.55
27.55
27.55
27.55
27.55
27.54
27.55
27.55
27.54
27.55
27.55
27.55
27.55
27.55
27.55
27.55
27.55
27.55
27.55
27.55
27.55
27.55
27.55
27.55
27.55
27.55
27.55
27.55
27.55
27.55
27.55
27.55
27.55
27.55
27.55
27.55
27.55
27.55
27.55
27.55
27.55
27.55
27.55
27.55
27.55
27.56
27.56
27.55
27.55
27.55
27.55
27.55
27.55
27.55
27.55
27.56
27.56
27.56
27.56
27.56
27.56
27.56
27.56
27.55
27.56
27.55
27.55
27.55
27.55
27.55
27.55
27.55
27.55
27.56
27.56
27.56
27.56
27.56
27.56
27.56
27.56
27.56
27.56
27.56
27.56
27.56
27.56
27.56
27.56
27.56
27.56
27.56
27.56
27.56
27.55
27.55
27.55
27.55
27.55
27.55
27.55
27.56
27.56
27.56
27.56
27.56
27.56
27.56
27.56
27.56
27.56
27.56
27.56
27.56
27.56
27.56
27.55
27.55
27.55
27.55
27.55
27.55
27.55
27.55
27.55
27.55
27.55
27.55
27.54
27.54
27.55
27.54
27.54
27.55
27.55
27.55
27.55
27.55
27.55
27.55
27.56
27.56
27.56
27.56
27.56
27.56
27.56
27.56
27.56
27.56
27.56
27.56
27.56
27.56
27.56
27.56
27.56
27.56
27.56
27.56
27.56
27.56
27.56
27.56
27.56
27.56
27.56
27.56
27.56
27.56
27.56
27.56
27.56
27.56
27.56
27.56
27.56
27.56
27.56
27.56
27.56
27.56
27.56
27.56
27.56
27.56
27.56
27.56
27.56
27.56
27.56
27.56
27.56
27.56
27.56
27.56
27.56
27.56
27.56
27.56
27.56
27.56
27.56
27.56
27.56
27.56
27.56
27.56
27.56
27.56
27.56
27.56
27.56
27.56
27.56
27.56
27.56
27.56
27.56
27.56
27.56
27.56
27.56
27.56
27.56
27.56
27.56
27.56
27.56
27.56
27.56
27.56
27.56
27.56
27.56
27.56
27.56
27.56
27.56
27.56
27.56
27.56
27.56
27.55
27.55
27.55
27.55
27.54
27.55
27.55
27.55
27.55
27.55
27.56
27.56
27.56
27.57
27.57
27.57
27.58
27.58
27.58
27.59
27.6
27.6
27.6
27.61
27.61
27.61
27.61
27.62
27.62
27.62
27.62
27.62
27.63
27.63
27.62
27.62
27.62
27.62
27.62
27.62
27.62
27.62
27.62
27.62
27.62
27.62
27.62
27.62
27.62
27.62
27.62
27.62
27.62
27.62
27.62
27.62
27.62
27.62
27.62
27.62
27.62
27.62
27.61
27.61
27.61
27.61
27.6
27.6
27.6
27.6
27.6
27.6
27.6
27.6
27.6
27.6
27.59
27.6
27.59
27.59
27.59
27.59
27.59
27.59
27.59
27.59
27.59
27.59
27.59
27.59
27.59
27.59
27.59
27.59
27.59
27.59
27.59
27.59
27.59
27.59
27.59
27.59
27.59