
23.51
23.51
23.51
23.51
23.51
23.5
23.51
23.5
23.5
23.5
23.5
23.5
23.5
23.51
23.5
23.51
23.51
23.51
23.51
23.51
23.51
23.51
23.51
23.51
23.51
23.51
23.51
23.51
23.51
23.51
23.51
23.52
23.52
23.52
23.53
23.54
23.55
23.55
23.57
23.58
23.59
23.61
23.62
23.64
23.65
23.66
23.68
23.7
23.71
23.73
23.74
23.76
23.78
23.79
23.81
23.82
23.83
23.85
23.86
23.87
23.88
23.89
23.9
23.91
23.92
23.93
23.94
23.95
23.96
23.97
23.97
23.98
23.99
23.99
24.0
24.01
24.01
24.01
24.02
24.02
24.02
24.03
24.03
24.03
24.03
24.03
24.03
24.03
24.04
24.03
24.03
24.04
24.04
24.04
24.04
24.04
24.03
24.03
24.03
24.03
24.03
24.03
24.03
24.03
24.03
24.03
24.03
24.02
24.02
24.02
24.02
24.02
24.01
24.01
24.01
24.01
24.0
24.0
24.0
24.0
24.0
23.99
23.99
23.99
23.99
23.99
23.99
23.99
23.99
23.99
23.99
23.99
23.98
23.98
23.98
23.98
23.98
23.97
23.97
23.97
23.97
23.97
23.97
23.97
23.97
23.97
23.97
23.97
23.97
23.97
23.97
23.97
23.97
23.97
23.97
23.97
23.97
23.97
23.97
23.97
23.97
23.96
23.96
23.96
23.96
23.96
23.96
23.96
23.96
23.96
23.96
23.96
23.96
23.96
23.96
23.96
23.96
23.97
23.97
23.97
23.97
23.96
23.96
23.96
23.96
23.96
23.97
23.97
23.97
23.97
23.97
23.97
23.97
23.97
23.97
23.96
23.96
23.96
23.96
23.97
23.97
23.97
23.97
23.97
23.97
23.97
23.97
23.97
23.97
23.97
23.97
23.97
23.97
23.97
23.97
23.97
23.97
23.97
23.97
23.97
23.97
23.97
23.97
23.97
23.97
23.97
23.96
23.96
23.97
23.97
23.97
23.97
23.97
23.97
23.97
23.97
23.97
23.97
23.97
23.97
23.97
23.97
23.97
23.97
23.96
23.96
23.96
23.96
23.96
23.96
23.97
23.97
23.97
23.97
23.97
23.98
23.98
23.98
23.98
23.98
23.97
23.97
23.97
23.97
23.97
23.97
23.97
23.97
23.97
23.97
23.97
23.97
23.97
23.97
23.97
23.97
23.97
23.97
23.97
23.97
23.97
23.97
23.97
23.97
23.98
23.97
23.97
23.97
23.97
23.97
23.97
23.97
23.97
23.97
23.97
23.97
23.97
23.97
23.97
23.97
23.97
23.97
23.97
23.97
23.97
23.97
23.97
23.97
23.97
23.97
23.97
23.97
23.97
23.97
23.97
23.97
23.97
23.97
23.97
23.97
23.97
23.97
23.97
23.97
23.97
23.97
23.97
23.97
23.98
23.98
23.98
23.98
23.98
23.98
23.98
23.98
23.98