voltage time control
21.4 0.04284405708312988 5411.160000027159
21.4 0.14157986640930176 5445.000000000002
21.4 0.24131226539611816 5484.240000019783
21.4 0.33938121795654297 5518.080000034535
21.4 0.44011950492858887 5551.920000007378
21.4 0.536693811416626 5591.16000002716
21.4 0.6354286670684814 5625.000000000003
21.39 0.7370285987854004 5684.572297882493
21.4 0.8339836597442627 5688.999688112598
21.39 0.933668851852417 5757.746297888217
21.39 1.032365322113037 5780.681000004987
21.39 1.1301076412200928 5820.390999999944
21.39 1.2278437614440918 5854.325000014738
21.39 1.326798677444458 5887.898000012384
21.39 1.426565170288086 5927.608000007341
21.39 1.5292599201202393 5961.181000004988
21.39 1.6239955425262451 5995.11500001978
21.39 1.7234742641448975 6034.825000014737
21.39 1.823211431503296 6068.398000012384
21.39 1.920029878616333 6102.332000027177
21.38 2.0206804275512695 6165.964311936709
21.38 2.119652271270752 6190.818000019762
21.38 2.2173917293548584 6224.846000034597
21.38 2.316127061843872 6264.304000012345
21.38 2.414868116378784 6298.33200002718
21.38 2.5147109031677246 6332.3599999998705
21.38 2.611335515975952 6371.818000019763
21.38 2.7111103534698486 6405.846000034597
21.38 2.80696702003479 6439.8740000072885
21.38 2.906554937362671 6473.5400000049285
21.38 3.005282163619995 6513.3599999998705
21.38 3.103022813796997 6547.3880000147055
21.39 3.2028703689575195 6555.20831183955
21.39 3.301494836807251 6605.671000007306
21.39 3.39927339553833 6639.244000004953
21.39 3.4980216026306152 6673.178000019746
21.39 3.600693941116333 6712.888000014703
21.39 3.6944844722747803 6746.461000012349
21.39 3.7921814918518066 6780.395000027143
21.39 3.890913486480713 6814.328999999911
21.4 3.988652467727661 6829.3946880977155
21.4 4.088388204574585 6872.409000034447
21.4 4.18712592124939 6906.249000007289
21.41 4.285861253738403 6921.20568810503
21.41 4.383018255233765 6964.125999999931
21.42 4.482733726501465 6972.139702146894
21.42 4.581426382064819 7021.80000003427
21.43 4.6811583042144775 7029.7197021264665
21.43 4.7790281772613525 7073.559000005015
21.44 4.878675937652588 7088.628090907973
21.45 4.9763710498809814 7105.450702146889
21.46 5.07710075378418 7123.2583118394805
21.47 5.173919200897217 7148.75009091529
21.47 5.272577524185181 7190.6700000050505
21.49 5.371312618255615 7172.387404284028
21.5 5.474037408828735 7200.925702166069
21.51 5.568790435791016 7225.430688080539
21.52 5.667522430419922 7241.6787021588825
21.54 5.767301082611084 7233.564404238727
21.55 5.864137411117554 7268.271688097454
21.57 5.961772441864014 7258.411404298088
21.58 6.0545220375061035 7286.19770212682
21.6 6.156252145767212 7276.950623659878
21.62 6.254991054534912 7287.454181816627
21.64 6.354721307754517 7285.943404279117
21.66 6.451501369476318 7286.776623666753
21.68 6.551203966140747 7296.620181823582
21.7 6.648934841156006 7293.986623659965
21.73 6.748746871948242 7269.3151064158465
21.75 6.8474440574646 7288.79818183029
21.78 6.945181131362915 7259.667935493924
21.8 7.045614957809448 7270.729404290024
21.83 7.1423869132995605 7254.036064210613
21.85 7.240177869796753 7259.892404283442
21.87 7.339847803115845 7259.314404296273
21.9 7.438502788543701 7232.816106365665
21.93 7.53624415397644 7225.671064259221
21.96 7.634978771209717 7204.855106359594
21.99 7.732722759246826 7188.149106411461
22.01 7.831451416015625 7204.306376187027
22.04 7.931190490722656 7173.564106366034
22.07 8.029637336730957 7155.469935488362
22.11 8.12734055519104 7123.154363634464
22.14 8.227141618728638 7109.487106411327
22.17 8.326810598373413 7090.462935494198
22.2 8.426543712615967 7081.248272732494
22.23 8.522830724716187 7057.023935488483
22.26 8.62156367301941 7038.1231064149915
22.29 8.719305276870728 7018.597106426103
22.32 8.818120002746582 7007.2010642173955
22.36 8.918772220611572 6956.986808552743
22.39 9.01451325416565 6947.159106361228
22.43 9.10926103591919 6900.678808543585
22.46 9.208091497421265 6898.395064262408
22.5 9.306732416152954 6846.864808485982
22.53 9.403473138809204 6835.13093548949
22.57 9.502583742141724 6797.7553636362345
22.6 9.601044416427612 6779.764106411211
22.64 9.697686433792114 6730.616247321597
22.67 9.796508550643921 6718.61410641922
22.71 9.894090414047241 6678.79275228114
22.74 9.992826700210571 6659.819106414414
22.78 10.092557191848755 6610.048808555799
22.81 10.19129467010498 6603.950064217821
22.85 10.290032625198364 6549.129808551147
22.89 10.388764381408691 6508.963808482535
22.93 10.48750114440918 6477.3827523294985
22.96 10.589229106903076 6456.341106422669
23.0 10.686012744903564 6404.502808487182
23.04 10.784745216369629 6371.722752333541
23.08 10.883439302444458 6323.91480848347
23.12 10.982174158096313 6281.586808543866
23.16 11.081914186477661 6247.49875233687
23.2 11.181643962860107 6198.562808487704
23.24 11.278050184249878 6154.473247318882
23.28 11.378736734390259 6120.040363639404
23.32 11.475484132766724 6069.6428085437365
23.36 11.576304912567139 6024.437247322293
23.4 11.672040939331055 5979.934808549227
23.43 11.76969861984253 5967.078064215048
23.47 11.868427276611328 5906.429808545846
23.51 11.968201160430908 5860.435808551943
23.55 12.066277027130127 5822.09675228673
23.58 12.16502046585083 5795.227106416563
23.62 12.262845277786255 5737.5608084857395
23.66 12.361485719680786 5698.022752328697
23.7 12.461228609085083 5644.386808551136
23.74 12.564950227737427 5596.230808488933
23.78 12.659688472747803 5555.384752331219
23.82 12.75652289390564 5500.620808486732
23.86 12.857161045074463 5451.336808544105
23.9 12.95198917388916 5401.109247323014
23.94 13.049647808074951 5359.416363644457
23.98 13.14846420288086 5302.255247320865
24.02 13.250109195709229 5251.924808545257
24.06 13.34694218635559 5208.454363646503
24.1 13.443595170974731 5150.177247322976
24.14 13.542327642440796 5098.71880854688
24.18 13.641072273254395 5053.512752285536
24.22 13.742799997329712 4994.988808545038
24.26 13.837543964385986 4941.9448085480635
24.31 13.935279130935669 4862.792510609291
24.35 14.035014390945435 4826.37175232932
24.39 14.133753776550293 4766.249808489134
24.43 14.232489109039307 4711.607808544171
24.47 14.33123230934143 4663.240752329973
24.51 14.430988311767578 4601.99080849068
24.55 14.531684637069702 4545.718247322716
24.59 14.627429485321045 4496.8753636450765
24.63 14.726162910461426 4434.163808544037
24.67 14.825904846191406 4376.775247323439
24.71 14.92264175415039 4319.958808545009
24.75 15.023369550704956 4268.539752287168
24.79 15.11911416053772 4204.657808544334
24.83 15.21884536743164 4146.255808545032
24.86 15.31736135482788 4117.812064219643
24.9 15.415140867233276 4043.721808544581
24.94 15.510847091674805 3984.28580849142
24.98 15.610579252243042 3924.4738085442077
25.01 15.70831561088562 3894.395064249019
25.05 15.807063102722168 3818.8948084918293
25.09 15.909373760223389 3757.6002473242143
25.12 16.005523920059204 3727.018272739374
25.16 16.10426378250122 3650.2338085441015
25.19 16.201998472213745 3613.7619354966423
25.22 16.300734996795654 3571.3272727391563
25.26 16.40047335624695 3493.1712473243206
25.29 16.498212814331055 3456.54110641122
25.33 16.597947359085083 3388.4623636465344
25.36 16.69697070121765 3344.219935496629
25.39 16.794679403305054 3295.897106410311
25.43 16.893418073654175 3226.42775228895
25.46 16.993141889572144 3181.886106411069
25.5 17.09173822402954 3106.547808541321
25.53 17.18947696685791 3070.801064220049
25.57 17.289209365844727 2990.4128085422426
25.6 17.38794493675232 2950.411106374942
25.63 17.48668146133423 2902.9360642481793
25.67 17.58748984336853 2821.607808540555
25.7 17.683175325393677 2780.6661063740225
25.73 17.78592538833618 2732.1010642466977
25.77 17.88262176513672 2649.83280849494
25.8 17.98036289215088 2607.9511064120607
25.84 18.077698707580566 2529.0432473245332
25.87 18.17643666267395 2490.211272740741
25.9 18.276207447052002 2431.855935499136
25.94 18.372907400131226 2352.724808542853
25.97 18.47364640235901 2312.335272738838
26.01 18.571380853652954 2227.2042473244906
26.04 18.67015314102173 2183.5241064083166
26.07 18.769883632659912 2131.2530642226593
26.1 18.867592573165894 2071.5211064103783
26.13 18.965322971343994 2015.8991064057554
26.16 19.067051887512207 1959.9951063749752
26.19 19.161797285079956 1906.4160642451268
26.23 19.26056957244873 1819.8238084968393
26.26 19.361305236816406 1773.6181064120753
26.29 19.456504344940186 1718.9490642421604
26.32 19.555241107940674 1657.1491063754208
26.35 19.656972408294678 1599.2509355005425
26.39 19.753767490386963 1519.8553636526233
26.42 19.851505041122437 1465.9561064119468
26.45 19.957262992858887 1407.1279354976175
26.49 20.050975561141968 1326.6323636498344
26.52 20.149707794189453 1271.6019355006858
26.56 20.24853777885437 1186.642808541876
26.59 20.34718108177185 1139.4332727387139
26.63 20.445921897888184 1048.5362473247835
26.66 20.545647621154785 999.0281064060562
26.7 20.64346694946289 915.7157522925007
26.74 20.741955518722534 833.5038085416769
26.77 20.835701942443848 782.5041064021227
26.81 20.93843936920166 694.8518084953772
26.84 21.03317642211914 644.8260642428328
26.87 21.13191270828247 577.8561063802457
26.9 21.230647563934326 514.9961064119925
26.94 21.32946467399597 425.85824732516915
26.97 21.429115295410156 374.92627274292624
27.0 21.52586078643799 306.34093550202533
27.03 21.625593662261963 242.60210640898688
27.05 21.724334478378296 203.78518183083386
27.08 21.82505750656128 125.36493549793265
27.1 21.921799421310425 86.6064042723011
27.13 22.02059245109558 12.143064225470967
27.15 22.120211601257324 -31.820595723408825
27.17 22.21694588661194 -82.21859573230942
27.19 22.31568431854248 -133.1616238469962
27.21 22.41343379020691 -186.86359572789905
27.23 22.51216220855713 -237.825595737426
27.25 22.61189079284668 -289.4226238319941
27.26 22.710679531097412 -317.95629786500126
27.28 22.807370901107788 -380.02659574185185
27.29 22.91109824180603 -407.8853119146554
27.31 23.00483775138855 -471.70159573700545
27.32 23.10656499862671 -497.87129785246395
27.33 23.201354265213013 -534.6546881560321
27.34 23.300050735473633 -573.7329090720358
27.36 23.398784399032593 -638.0953763240245
27.36 23.498160123825073 -638.7739999881021
27.37 23.596896648406982 -688.9349090768586
27.38 23.69966745376587 -727.7306881560335
27.39 23.795408725738525 -765.0822978607392
27.4 23.89818024635315 -804.7783119100569
27.4 23.993835926055908 -818.1639999881143
27.4 24.09257173538208 -840.723999997949
27.4 24.191307544708252 -866.8839999831968
27.4 24.290045022964478 -889.4439999930315
27.4 24.38878631591797 -912.0039999749267
27.41 24.48751425743103 -962.4473119101535
27.4 24.587257146835327 -950.1947021302994
27.4 24.683990240097046 -983.3929999798992
27.4 24.781728267669678 -1009.5529999930868
27.4 24.881755113601685 -1032.1129999749821
27.4 24.980517387390137 -1054.6729999848167
27.39 25.078221321105957 -1051.1473118104668
27.39 25.17896294593811 -1088.1899999799227
27.38 25.273706912994385 -1084.5713118055703
27.38 25.373475313186646 -1117.6959999881215
27.37 25.47220277786255 -1119.6750908927518
27.36 25.56995439529419 -1124.9613118104742
27.35 25.668652057647705 -1132.165702125205
27.34 25.768378496170044 -1144.1356880467397
27.33 25.866116523742676 -1149.573702120361
27.32 25.962862014770508 -1156.381702129875
27.31 26.06060028076172 -1163.0957020992678
27.3 26.161370038986206 -1174.62968807081
27.29 26.259559392929077 -1179.6917020946319
27.28 26.359513998031616 -1186.1237021171569
27.27 26.45403742790222 -1197.3306880753462
27.26 26.553847551345825 -1202.1107020994066
27.24 26.65250873565674 -1182.0756236332209
27.23 26.75024676322937 -1198.904702120258
27.22 26.851975917816162 -1209.8720908927899
27.21 26.949710845947266 -1213.7633118106226
27.19 27.048446655273438 -1200.4241817962318
27.18 27.147186279296875 -1213.1273118061365
27.17 27.2459237575531 -1218.6397021201294
27.15 27.345651388168335 -1198.2114042612268
27.14 27.44349718093872 -1218.6396880517075
27.13 27.542130947113037 -1222.1977021245063
27.11 27.646284103393555 -1201.3934042145388
27.1 27.741432666778564 -1221.3856880658575
27.08 27.836138248443604 -1198.8354042609462
27.07 27.933876752853394 -1213.9317020998665
27.05 28.03173041343689 -1192.1296236338137
27.03 28.128355979919434 -1187.7831817924448
27.02 28.22609782218933 -1199.3147021171424
27.0 28.32491946220398 -1177.0476236379507
26.98 28.425614833831787 -1172.1511817966511
26.96 28.523300886154175 -1157.055623633908
26.94 28.621039152145386 -1145.5204042520463
26.92 28.71986174583435 -1133.5684042599148
26.9 28.817511320114136 -1127.2063761200752
26.89 28.91734004020691 -1137.6827021236836
26.87 29.018059968948364 -1114.6224042155227
26.85 29.114724159240723 -1107.7153761434831
26.83 29.213455200195312 -1091.9894042595295
26.81 29.310195922851562 -1079.0034042195296
26.79 29.40894079208374 -1071.4423761471603
26.77 29.506728887557983 -1055.1524042160142
26.76 29.60341167449951 -1067.334702117284
26.74 29.70299458503723 -1042.649623638249
26.72 29.79971981048584 -1034.8931817973166
26.7 29.898412227630615 -1017.3796236347428
26.68 29.99650549888611 -1003.4004042518156
26.66 30.096882343292236 -994.7551818007754
26.64 30.19461727142334 -976.6836236382406
26.62 30.291895151138306 -962.1404042550679
26.6 30.39258646965027 -952.5083761170812
26.58 30.490321159362793 -934.4324042516998
26.56 30.59005618095398 -919.0964042580969
26.54 30.68879723548889 -903.5724042201301
26.52 30.787528038024902 -893.0683761462773
26.5 30.88925576210022 -874.2404042171679
26.49 30.98512363433838 -883.8847021173221
26.47 31.083736658096313 -862.1973761491438
26.45 31.188462257385254 -842.8994042204116
26.43 31.282214164733887 -825.9696236356423
26.41 31.379029989242554 -814.8031817951394
26.39 31.478721141815186 -794.7744042495577
26.37 31.576416969299316 -777.2866236384771
26.35 31.673426866531372 -765.460181798058
26.33 31.772157430648804 -744.5056236357162
26.31 31.871899843215942 -727.0484042512768
26.28 31.96971297264099 -683.442106388825
26.26 32.06737399101257 -680.7423761206288
26.24 32.16610312461853 -659.4704042538544
26.22 32.26483941078186 -640.9384042183053
26.2 32.365580797195435 -626.9463761426942
26.18 32.46131348609924 -605.110404256086
26.16 32.560059785842896 -586.0144042209856
26.13 32.65679407119751 -547.0850642230054
26.11 32.755311012268066 -533.7654042188202
26.09 32.85408878326416 -514.0114042496377
26.07 32.95278573036194 -493.73362363875276
26.05 33.05271077156067 -478.6071817987528
26.03 33.150450229644775 -454.86262363661575
26.01 33.249186277389526 -434.5854042509431
25.99 33.34797024726868 -418.57018180083037
25.97 33.4487464427948 -394.26762363873564
25.95 33.544398069381714 -373.4264042528172
25.93 33.64313316345215 -356.4913761189487
25.9 33.74145245552063 -306.3851063830833
25.88 33.841188192367554 -295.29540425439444
25.86 33.93796896934509 -273.37940422155725
25.84 34.034748792648315 -255.4633761439679
25.82 34.13149547576904 -230.24340421998824
25.8 34.229156255722046 -207.76340424961734
25.77 34.327890396118164 -158.94293546612727
25.75 34.42860388755798 -151.2691817993448
25.73 34.52610492706299 -124.73462363740335
25.71 34.62290668487549 -101.63740425050135
25.69 34.72157311439514 -82.32218180081634
25.67 34.82031536102295 -55.22962363891398
25.65 34.9190514087677 -31.56840425175707
25.63 35.01877737045288 -11.363376119736323
25.61 35.117515087127686 15.830595749610692
25.58 35.21433877944946 66.01689361494017
25.56 35.31298851966858 76.34662387882989
25.54 35.41371989250183 104.19859574846373
25.52 35.511467695236206 129.31059577873606
25.5 35.61026334762573 154.61059575033622
25.48 35.70893859863281 176.4506238562539
25.46 35.80723476409912 205.05459577751785
25.44 35.90697979927063 231.19137636164172
25.42 36.00393056869507 253.24781820076154
25.4 36.102450370788574 282.58259575040915
25.38 36.20118832588196 309.27737636084044
25.36 36.2989604473114 331.99381819987656
25.34 36.398667335510254 362.15537636156375
25.32 36.49539399147034 388.9185957500639
25.3 36.59512639045715 412.5238181992041
25.28 36.69387149810791 443.24337636085227
25.26 36.79060339927673 470.57059574959817
25.24 36.888423442840576 498.31459577776735
25.22 36.990076303482056 522.9886238587596
25.2 37.086814641952515 554.0365957493837
25.17 37.185749769210815 608.0768936578885
25.15 37.28448677062988 622.8756238584022
25.13 37.38621544837952 654.5815957771733
25.11 37.48295497894287 683.5475957503717
25.09 37.57869815826416 709.6386238584323
25.07 37.6794273853302 741.9085957767543
25.05 37.778552770614624 771.6723763606241
25.03 37.879271268844604 798.018818199199
25.0 37.97613835334778 856.7518936181835
24.98 38.075836420059204 876.5283763606533
24.96 38.17448925971985 903.6448181991306
24.94 38.27325463294983 937.526376360557
24.92 38.37095928192139 968.0495957506962
24.9 38.468249559402466 998.9895957511145
24.88 38.56792855262756 1027.369623878525
24.86 38.66566491127014 1061.6135957509457
24.85 38.76739239692688 1067.3852978952818
24.83 38.86617136001587 1106.948623859309
24.81 38.96196413040161 1141.6625957515278
24.79 39.060609340667725 1173.6365957762932
24.77 39.158350467681885 1203.2156238597622
24.76 39.25808882713318 1212.7612978948637
24.74 39.35681939125061 1255.8435957504669
24.72 39.454606771469116 1285.9676238605568
24.7 39.55329346656799 1321.7155957760874
24.68 39.65303373336792 1354.9203763597156
24.67 39.75176191329956 1361.1359091057207
24.65 39.849684953689575 1406.6115957505065
24.63 39.948429107666016 1440.2813763604488
24.61 40.0471625328064 1473.7185957518582
24.59 40.14589858055115 1505.2596238774902
24.58 40.244633436203 1516.4972978833605
24.56 40.34336829185486 1561.2715957528633
24.54 40.442102909088135 1593.357623878188
24.52 40.54083800315857 1630.7975957520016
24.51 40.64058041572571 1639.7652978937729
24.49 40.739309310913086 1683.034623859668
24.47 40.838042974472046 1720.9445957532805
24.45 40.940773725509644 1756.1145957754811
24.43 41.033520460128784 1789.399623860818
24.42 41.132256269454956 1802.1412978933547
24.4 41.22783088684082 1848.4195957503512
24.39 41.32756567001343 1858.5686881873362
24.37 41.427377223968506 1902.9278181977877
24.35 41.52404046058655 1942.2963763588295
24.34 41.622779846191406 1952.6332978836476
24.33 41.721569538116455 1973.4559091070746
24.32 41.823235511779785 1996.4416881873578
24.3 41.9199800491333 2043.5455957528363
24.29 42.019710540771484 2054.581297892957
24.28 42.115535497665405 2075.9653119380096
24.27 42.215189695358276 2099.291297886729
24.26 42.312928199768066 2121.2472978943147
24.25 42.41066813468933 2142.958311939545
24.24 42.51040506362915 2166.566297892711
24.23 42.6092848777771 2188.804297882685
24.23 42.70502543449402 2186.559000019215
24.22 42.803850412368774 2219.5292978942134
24.21 42.90557813644409 2241.9906881856105
24.21 43.00232124328613 2239.928000011712
24.21 43.101057291030884 2247.3540000149496
24.2 43.20010280609131 2280.546688187229
24.2 43.29553413391113 2277.314000017708
24.2 43.39426946640015 2286.034000012791
24.2 43.493009090423584 2293.554000016069
24.2 43.59374976158142 2301.0740000193473
24.2 43.689870834350586 2309.7940000144304
24.2 43.788604497909546 2317.314000017708
24.2 43.88734197616577 2324.834000011673
24.2 43.9889178276062 2333.5540000160695
24.21 44.085668325424194 2315.3417021515997
24.22 44.18440389633179 2307.6737021325475
24.22 44.28213882446289 2326.814000017709
24.23 44.379870653152466 2308.4137021310185
24.24 44.482675313949585 2300.5577021473146
24.24 44.57734179496765 2318.26400001452
24.25 44.67811918258667 2302.4230909214048
24.26 44.77581453323364 2292.643311840187
24.27 44.87255549430847 2284.619702148279
24.28 44.97238254547119 2279.087090922906
24.29 45.07211756706238 2269.0283118417165
24.31 45.16985487937927 2234.990404281934
24.32 45.26760244369507 2239.504688081377
24.33 45.36772012710571 2229.3387021482054
24.35 45.46446180343628 2194.8104042831555
24.37 45.56445288658142 2174.605376151135
24.38 45.66194295883179 2173.1437021495353
24.4 45.76067805290222 2138.1454042509554
24.42 45.85741329193115 2113.5974042796743
24.44 45.958141803741455 2092.6293761741995
24.46 46.05687689781189 2064.777404252332
24.49 46.15661120414734 2013.538935495371
24.51 46.25434970855713 2003.0051818289394
24.53 46.355082988739014 1974.328404279591
24.55 46.45082426071167 1948.2846236691103
24.57 46.55255889892578 1926.3381818299763
24.59 46.64760231971741 1896.8276236682436
24.61 46.746337890625 1870.7224042800303
24.64 46.847158670425415 1818.4681064137994
24.66 46.943814277648926 1805.7403761512621
24.68 47.04354763031006 1775.8204042807267
24.71 47.1412787437439 1722.9081063713074
24.73 47.240015745162964 1709.4173761714658
24.75 47.33775520324707 1678.8394042810467
24.77 47.436490058898926 1651.001404252962
24.79 47.53622245788574 1626.218376171911
24.81 47.63502907752991 1595.076404252684
24.84 47.733134031295776 1540.9421064119838
24.86 47.82888078689575 1526.0343761719023
24.88 47.93359851837158 1494.2344042532031
24.9 48.03089880943298 1464.9356236693009
24.92 48.12655162811279 1439.1391818306477
24.95 48.22736978530884 1380.8761064118803
24.97 48.32410478591919 1361.5646236693742
24.98 48.423765420913696 1359.1990909228718
25.0 48.522504568099976 1316.7846236693445
25.02 48.62222743034363 1286.825404279451
25.03 48.72272348403931 1282.1817021470265
25.05 48.823344469070435 1243.9263761514812
25.06 48.91743350028992 1236.0727021470955
25.08 49.01616382598877 1197.4903761517307
25.09 49.114898443222046 1189.3547021472132
25.1 49.21263599395752 1173.414702146801
25.12 49.31163835525513 1131.6484042536558
25.13 49.40970230102539 1127.333688092721
25.14 49.51043367385864 1109.5537021348741
25.15 49.61327838897705 1093.1437021474412
25.16 49.70591378211975 1077.8636880922784
25.17 49.8056526184082 1059.8017021346607
25.18 49.905457735061646 1043.013311842866
25.19 50.00211763381958 1027.5850909238586
25.2 50.10089826583862 1009.1577021474066
25.21 50.201584815979004 992.0903118424434
25.22 50.3013219833374 976.3320909234903
25.23 50.398165702819824 957.5313118429015
25.23 50.4959511756897 966.1220000147572
25.24 50.59466767311096 938.2277021460761
25.24 50.692322969436646 946.2500000152521
25.25 50.791359186172485 918.261702146521
25.26 50.892014026641846 900.8177021353049
25.26 50.98880624771118 908.6220000147558
25.27 51.08548903465271 880.4457021459517
25.27 51.185224533081055 888.5460000156893
25.27 51.28296995162964 885.6030000142057
25.27 51.38469576835632 883.0650000162426
25.27 51.481475591659546 880.5270000151362
25.27 51.58016753196716 877.5840000136526
25.27 51.675909757614136 875.0460000156894
25.27 51.77365446090698 872.5350000158654
25.27 51.87242937088013 869.997000014759
25.27 51.97012758255005 867.0270000151361
25.26 52.07188034057617 890.3616881880971
25.26 52.16928577423096 877.1650000142371
25.26 52.26706385612488 874.3310000158351
25.26 52.36676621437073 871.8870000147696
25.25 52.467498779296875 895.175297881452
25.25 52.56423783302307 881.8120000152843
25.24 52.6619713306427 905.1942978820075
25.24 52.75978946685791 892.3000000161137
25.23 52.85947012901306 915.7762978828688
25.22 52.95720672607422 926.9143119359435
25.22 53.055946826934814 915.672000015621
25.21 53.155681848526 939.4716881885496
25.2 53.25442171096802 950.6099091081018
25.19 53.35522127151489 965.3712978829558
25.19 53.451889991760254 952.966000015379
25.18 53.551624059677124 975.0769091076978
25.17 53.650352478027344 990.1576881885352
25.16 53.74909472465515 1003.5392978827917
25.15 53.84682893753052 1015.3419091073641
25.14 53.94356894493103 1030.701688188182
25.13 54.04354906082153 1044.3652978825614
25.12 54.14526891708374 1056.5933119473689
25.11 54.24101996421814 1072.0232978828476
25.1 54.341835260391235 1086.083297882431
25.09 54.439491271972656 1100.2372978962912
25.08 54.537230491638184 1112.9013119369565
25.08 54.634963035583496 1102.9750000155777
25.07 54.73479247093201 1127.9552978829886
25.06 54.83207321166992 1140.8373119369426
25.05 54.930809020996094 1156.8312978962108
25.04 55.02655529975891 1171.5736881881617
25.03 55.12529277801514 1186.177297882938
25.02 55.224021196365356 1199.4099091073326
25.01 55.32180595397949 1215.978688188066
25.0 55.42558574676514 1230.864297882978
24.99 55.5182363986969 1244.509311946995
24.98 55.6169753074646 1261.1612978829942
24.97 55.71770668029785 1276.4432978831233
24.96 55.81644129753113 1290.4153119469472
24.95 55.91326880455017 1307.3492978830816
24.94 56.01291608810425 1322.9132978957973
24.93 56.10913920402527 1338.5712978829151
24.93 56.20588707923889 1328.6960000155955
24.92 56.30562114715576 1355.0862978958648
24.91 56.40538835525513 1371.0376881877312
24.9 56.50209832191467 1385.4759091068602
24.89 56.60182189941406 1403.0572978829437
24.88 56.70064687728882 1419.2876881879654
24.87 56.79834032058716 1434.0559091070445
24.87 56.89703822135925 1426.1740000148977
24.86 56.99676585197449 1453.128297883178
24.85 57.0949501991272 1469.538297883786
24.84 57.19567346572876 1484.8183119468847
24.83 57.29446768760681 1502.8802978835076
24.82 57.39215636253357 1519.5722978953183
24.81 57.488889932632446 1535.1793119374709
24.8 57.58821630477905 1553.5232978840058
24.79 57.686949253082275 1570.4972978956032
24.79 57.78621792793274 1562.1480000158774
24.78 57.8879497051239 1589.8542978950907
24.77 57.98369073867798 1607.0162978828641
24.76 58.08150267601013 1623.168311938454
24.75 58.18016052246094 1641.9822978954714
24.75 58.2789363861084 1633.6690000144288
24.74 58.37863636016846 1660.6199091061328
24.73 58.475374937057495 1679.705297882872
24.72 58.575106382369995 1697.4236881877896
24.71 58.67492651939392 1713.951909106645
24.7 58.77257823944092 1733.4036881871882
24.7 58.871312379837036 1725.471000015619
24.69 58.97185707092285 1752.971909107245
24.68 59.07067346572876 1772.6096881877752
24.67 59.16733717918396 1790.5972978840266
24.67 59.26308822631836 1783.0610000138365
24.66 59.36281871795654 1810.941311937689
24.65 59.457566022872925 1830.695297884848
24.65 59.55630588531494 1823.3470000145032
24.64 59.65592288970947 1852.4476881870603
24.64 59.753662109375 1845.6550000137627
24.63 59.852396726608276 1874.7712978829857
24.63 59.950133323669434 1867.57400001504
24.62 60.04987335205078 1896.7842978842948
24.62 60.146608114242554 1890.2880000142584
24.61 60.24434781074524 1919.5922978835633
24.61 60.343042612075806 1912.6200000174572
24.6 60.43978834152222 1941.1543119467726
24.6 60.538514137268066 1935.7400000166344
24.6 60.63426661491394 1939.500000013617
24.59 60.732996225357056 1968.9922978830036
24.59 60.83173394203186 1962.8230000175522
24.59 60.931461572647095 1966.6770000144593
24.58 61.02927494049072 1996.3356881869863
24.58 61.13016414642334 1990.203000013601
24.58 61.22785019874573 1994.151000015322
24.58 61.32740497589111 1998.0570000150483
24.58 61.427135944366455 2002.6770000144616
24.59 61.52587842941284 1980.7373118413936
24.59 61.623610496520996 1995.3440000158719
24.59 61.722838401794434 1999.854000015299
24.59 61.82356858253479 2003.6670000150316
24.59 61.92030882835388 2007.5210000167117
24.6 62.020039081573486 1987.7066880824702
24.6 62.11877679824829 2000.6410000158899
24.61 62.2179388999939 1978.6687021497903
24.61 62.315348863601685 1993.558000015094
24.62 62.413994550704956 1971.4917021489441
24.62 62.514721393585205 1985.702000013782
24.63 62.612462759017944 1965.5606880938392
24.64 62.71219301223755 1952.4807021495865
24.64 62.80910587310791 1966.503000014575
24.65 62.90785193443298 1946.1436880945228
24.66 63.00757884979248 1932.8757021330546
24.67 63.10332441329956 1920.9777021475795
24.67 63.20305275917053 1934.685000015069
24.68 63.3018000125885 1914.1140909225628
24.69 63.400532245635986 1900.335311841622
24.7 63.49927020072937 1888.2697021479519
24.71 63.59800314903259 1878.0070909231802
24.73 63.696818590164185 1838.1036236694767
24.74 63.79546880722046 1836.4147021484375
24.75 63.89225387573242 1825.6036880828187
24.77 63.99195671081543 1785.6634042801375
24.78 64.09067797660828 1783.3697021487371
24.79 64.18845534324646 1770.3437021339846
24.81 64.2891538143158 1734.704376171944
24.82 64.38639855384827 1729.1067021336653
24.83 64.48413610458374 1715.7047021475437
24.85 64.5809543132782 1679.6293761721
24.86 64.67985439300537 1673.655702134135
24.87 64.77859091758728 1659.7503118421253
24.89 64.87633204460144 1620.26040427997
24.9 64.97506475448608 1618.5460909231763
24.91 65.07480764389038 1602.7213118423788
24.92 65.17453122138977 1588.5877021477984
24.94 65.27234506607056 1551.5313761515768
24.95 65.37104845046997 1544.7117021476417
24.96 65.4727430343628 1530.0877021477995
24.97 65.57048010826111 1516.8786880835453
24.98 65.66521787643433 1500.6027021476978
24.99 65.76322650909424 1485.6967021344537
25.0 65.86303758621216 1472.1606880933452
25.01 65.96169686317444 1455.6027021475797
25.03 66.06043982505798 1414.6824042537557
25.04 66.1587643623352 1411.3486880933158
25.05 66.25791001319885 1394.4147021347896
25.06 66.3566403388977 1378.8507021477258
25.07 66.4583752155304 1364.5516880930575
25.08 66.55510663986206 1347.3357021347701
25.09 66.65384888648987 1331.3843118429038
25.1 66.75258564949036 1315.5587021475856
25.11 66.84840416908264 1300.896090923385
25.12 66.94805574417114 1283.1183118427243
25.13 67.05078983306885 1267.0107021472922
25.14 67.14649152755737 1251.9486880840707
25.15 67.24323058128357 1234.0747021475386
25.16 67.34196448326111 1217.570702146877
25.17 67.44070625305176 1202.1816880838435
25.17 67.53944253921509 1209.7580000149273
25.18 67.63917851448059 1182.4277021354121
25.18 67.73698854446411 1191.104000015299
25.19 67.8351583480835 1163.6797021468137
25.19 67.9359347820282 1172.5320000159513
25.2 68.03362393379211 1146.1776880928767
25.2 68.13336253166199 1153.472000016364
25.2 68.23211550712585 1151.5920000155447
25.21 68.32983374595642 1125.1286880924063
25.21 68.42757725715637 1132.3290000159725
25.21 68.52879238128662 1130.3760000161094
25.22 68.62649154663086 1103.865090924358
25.22 68.7252299785614 1110.8880000155184
25.22 68.8239586353302 1108.8420000156618
25.22 68.9237003326416 1106.7740000147603
25.22 69.02151012420654 1104.3760000161126
25.22 69.1211633682251 1102.3080000152113
25.22 69.21791243553162 1100.2400000143098
25.22 69.31665110588074 1097.842000015662
25.22 69.41545295715332 1095.7740000147608
25.22 69.51411294937134 1093.7060000164204
25.22 69.61185097694397 1091.3080000152113
25.22 69.70959329605103 1089.2400000143098
25.22 69.81362342834473 1087.1720000159694
25.22 69.90738105773926 1085.1260000161128
25.21 70.0071542263031 1106.906909108465
25.21 70.10289645195007 1095.8420000155427
25.21 70.20321846008301 1093.8890000156796
25.21 70.3023612499237 1091.579000015973
25.2 70.40310215950012 1115.471688188904
25.2 70.4988431930542 1102.839000015286
25.2 70.59856915473938 1100.6390000155654
25.2 70.69640350341797 1098.7790000156958
25.19 70.79604244232178 1122.631297882615
25.18 70.89279317855835 1134.2053119478035
25.18 70.99152135848999 1123.3390000152854
25.17 71.0912516117096 1147.3792978822864
25.17 71.18978977203369 1134.8880000156307
25.17 71.28853106498718 1133.290000014934
25.16 71.38730430603027 1157.4242978970233
25.16 71.48301243782043 1145.282000015488
25.15 71.58074426651001 1167.821311936648
25.15 71.68048119544983 1157.2370000157975
25.14 71.77922129631042 1181.6876881886806
25.13 71.87703227996826 1193.595909108135
25.13 71.97469902038574 1183.2830000155373
25.12 72.07442450523376 1207.919688188407
25.11 72.17317128181458 1221.7712978828686
25.11 72.27190065383911 1209.9340000158402
25.1 72.37263631820679 1234.632297883128
25.09 72.47037148475647 1247.0949091076204
25.08 72.56909489631653 1263.0126881884082
25.08 72.66670179367065 1251.508000015282
25.07 72.76543068885803 1276.488297896683
25.06 72.86440849304199 1289.3703119374618
25.05 72.96820616722107 1305.3642978829726
25.05 73.06188154220581 1294.256000015649
25.04 73.16061925888062 1317.9943119374138
25.03 73.26035261154175 1334.176297896531
25.03 73.36108565330505 1323.2560000155322
25.02 73.45682263374329 1347.2123119374066
25.01 73.5555682182312 1363.582297896373
25.0 73.65230631828308 1378.696688188298
24.99 73.7510507106781 1393.6762978832471
24.98 73.8487799167633 1407.3489091075737
24.97 73.94840049743652 1424.289688188293
24.96 74.04845857620239 1439.551297883356
24.95 74.14487838745117 1453.6323119471308
24.94 74.24360632896423 1470.6602978832939
24.94 74.34035038948059 1460.586000015839
24.93 74.43809199333191 1486.882297896193
24.92 74.53882074356079 1501.2903119377288
24.91 74.63356637954712 1518.6002978959532
24.9 74.73178005218506 1534.54029788319
24.89 74.83151412010193 1549.2753119380657
24.88 74.93125486373901 1566.8672978960637
24.87 75.02799439430237 1583.190688187891
24.87 75.12672686576843 1573.8680000149147
24.86 75.2264621257782 1600.8222978831952
24.85 75.32545781135559 1617.3316881881844
24.84 75.42419481277466 1632.4299091072337
24.83 75.5270037651062 1650.6726881878585
24.82 75.62278246879578 1667.2502978834955
24.81 75.72139763832092 1682.7929091075969
24.81 75.81913805007935 1675.469000015408
24.8 75.91692185401917 1702.987297883925
24.79 76.01665997505188 1719.9612978955224
24.78 76.11733555793762 1735.8953119378273
24.77 76.21507453918457 1754.521297884498
24.76 76.31381011009216 1771.777297895856
24.76 76.41355156898499 1763.7550000162987
24.75 76.51028418540955 1791.7432978952947
24.74 76.61202192306519 1809.1872978831873
24.73 76.71025323867798 1825.6663119389423
24.72 76.80755496025085 1844.7622978957334
24.72 76.90628671646118 1836.7280000146714
24.71 77.01001000404358 1864.008909106325
24.7 77.10276412963867 1883.3762978831992
24.7 77.2005820274353 1875.528000015299
24.69 77.29923248291016 1903.028909106925
24.69 77.3979721069336 1896.821000014661
24.68 77.49671053886414 1925.467297883679
24.68 77.59544825553894 1918.3490000155277
24.68 77.69201016426086 1921.3250000153191
24.67 77.791748046875 1950.0652978843689
24.67 77.89073729515076 1942.5290000141788
24.67 77.99057674407959 1946.126000015992
24.67 78.08900666236877 1949.2280000173444
24.67 78.18674755096436 1952.330000014855
24.66 78.28956151008606 1980.2103119387075
24.66 78.3852162361145 1974.2320000141606
24.66 78.48096084594727 1977.428000015554
24.66 78.58069562911987 1981.1340000174223
24.66 78.678471326828 1984.3300000148574
24.66 78.7772364616394 1987.4920000146356
24.66 78.87599110603333 1990.688000016029
24.66 78.97763299942017 1994.428000015554
24.66 79.07337379455566 1997.5900000153324
24.67 79.17310857772827 1975.053702148978
24.67 79.27192997932434 1989.2890000146538
24.67 79.36833262443542 1992.3910000160058
24.67 79.46716117858887 1995.493000017358
24.68 79.56879830360413 1974.8066880836168
24.68 79.66453528404236 1986.9890000167054
24.68 79.76327323913574 1989.9970000142914
24.69 79.8620057106018 1969.2016880940105
24.69 79.9607515335083 1981.2900000172629
24.7 80.05947971343994 1958.4717021341269
24.7 80.16022181510925 1972.3800000166511
24.71 80.25596308708191 1949.4677021335815
24.72 80.35369277000427 1937.099702147911
24.72 80.45047521591187 1950.3420000154292
24.73 80.5511724948883 1929.2210909229848
24.74 80.65190005302429 1914.9773118420887
24.75 80.7489116191864 1902.4417021482009
24.75 80.847647190094 1915.8300000155562
24.76 80.94640922546387 1892.3093118425988
24.77 81.04911732673645 1879.5857021486422
24.78 81.14385557174683 1868.4476880832078
24.79 81.24267148971558 1853.957702148151
24.8 81.33933615684509 1840.8377021489644
24.81 81.44405770301819 1829.3726880837266
24.82 81.5378110408783 1814.6007021485348
24.83 81.63653779029846 1801.198702134084
24.84 81.7364854812622 1787.702702147909
24.84 81.83426332473755 1800.0850000164926
24.85 81.9319658279419 1775.8567021344788
24.86 82.02969932556152 1762.0443118424755
24.87 82.12856340408325 1750.1360909230214
24.88 82.22723054885864 1734.7167021478804
24.89 82.32787370681763 1720.6253118427087
24.9 82.42361998558044 1708.3870909233083
24.91 82.52335095405579 1692.5623118425108
24.92 82.62308621406555 1678.4287021479304
24.93 82.72181987762451 1665.746090923478
24.94 82.82055711746216 1649.6423118427
24.95 82.91924238204956 1635.2267021480059
24.96 83.01698207855225 1622.1266880836777
24.97 83.11671590805054 1605.9447021478834
24.98 83.21545505523682 1591.1327021479592
24.99 83.31322908401489 1576.2267021347154
24.99 83.41292953491211 1586.9740000156462
25.0 83.51201820373535 1561.3357021347642
25.01 83.60976338386536 1546.2417021478961
25.02 83.70857739448547 1532.487688093515
25.03 83.80727314949036 1515.741702134838
25.04 83.9069607257843 1500.2553118429523
25.04 84.00570559501648 1510.568000015803
25.05 84.10290002822876 1484.4597021478912
25.06 84.20163249969482 1468.7873118428429
25.07 84.30036664009094 1454.679090923668
25.08 84.40117716789246 1437.2733118429935
25.09 84.49785590171814 1421.5417021477126
25.1 84.59757113456726 1406.9890909234894
25.11 84.69331812858582 1389.3043118428345
25.12 84.79412937164307 1373.2907021474305
25.13 84.89156174659729 1357.0687021352428
25.14 84.98930501937866 1342.006688093365
25.14 85.0900366306305 1349.8650000147734
25.15 85.18677091598511 1322.816702135032
25.16 85.28650665283203 1307.5366880930444
25.16 85.38234114646912 1315.2070000162335
25.17 85.48198056221008 1287.9707021478303
25.18 85.58071875572205 1272.4726880925698
25.18 85.67945599555969 1279.9550000159063
25.18 85.77818894386292 1278.2810000160237
25.19 85.88099646568298 1252.1000909242216
25.19 85.9756600856781 1259.4050000155082
25.2 86.0744411945343 1231.7923118428469
25.2 86.17299938201904 1240.665000014822
25.2 86.27185678482056 1238.4850000160513
25.21 86.3704731464386 1210.872702147484
25.21 86.4682092666626 1219.537000014328
25.21 86.5689468383789 1217.2480000156188
25.22 86.66468858718872 1189.5417021470196
25.22 86.76441955566406 1198.1120000163799
25.22 86.86315751075745 1195.714000015171
25.22 86.96489095687866 1193.6460000142695
25.22 87.06063485145569 1191.578000015929
25.22 87.15936255455017 1189.1800000147202
25.22 87.25910186767578 1187.1120000163796
25.21 87.36307764053345 1210.7762978832168
25.21 87.45661425590515 1197.8490000143622
25.21 87.55586266517639 1195.8750000159464
25.21 87.65460062026978 1193.9220000160833
25.21 87.75133728981018 1191.6120000163767
25.21 87.85107803344727 1189.638000015516
25.21 87.95111298561096 1187.6850000156528
25.21 88.04885649681091 1185.3750000159462
25.21 88.14758729934692 1183.422000016083
25.21 88.2464451789856 1181.4480000152225
25.2 88.34406995773315 1205.2062978821098
25.2 88.4437985420227 1192.3880000156348
25.19 88.54262042045593 1216.240297882554
25.19 88.63927459716797 1203.8160000162866
25.18 88.73800826072693 1226.0283119372818
25.18 88.83874773979187 1215.1620000145622
25.17 88.93448281288147 1239.2022978967175
25.16 89.03421926498413 1250.9943119369466
25.16 89.13195538520813 1240.3160000161718
25.15 89.23070168495178 1264.5442978832637
25.14 89.33043241500854 1276.5543119367658
25.13 89.4321620464325 1291.7962978966498
25.12 89.5259017944336 1305.79468818864
25.11 89.62464118003845 1319.6462978831014
25.1 89.72440934181213 1331.9989091075956
25.1 89.82310676574707 1321.978000015599
25.09 89.92184352874756 1346.770297882937
25.08 90.02162098884583 1359.4343119475072
25.07 90.12031817436218 1375.2402978831376
25.07 90.21904802322388 1363.9440000151499
25.06 90.31521010398865 1387.4643119473017
25.05 90.4139473438263 1403.458297883014
25.04 90.50872921943665 1418.082297896497
25.04 90.6124198436737 1407.0680000154537
25.03 90.70715928077698 1430.9153119372645
25.02 90.8049738407135 1447.1912978963187
25.02 90.90462756156921 1436.367000015452
25.0 91.00536751747131 1484.5488181995784
25.0 91.10119247436523 1466.3670000154514
24.99 91.19983768463135 1492.2126881882457
24.98 91.30064964294434 1507.2862978832268
24.98 91.39631223678589 1496.8660000154032
24.97 91.49406003952026 1522.786297883233
24.96 91.59080243110657 1538.16229788339
24.96 91.69229221343994 1527.9600000154435
24.95 91.78803515434265 1554.0682978833552
24.94 91.88576912879944 1569.632297896071
24.93 91.9875054359436 1585.2902978831887
24.93 92.0842387676239 1575.4150000158688
24.92 92.18397498130798 1601.8052978961384
24.92 92.28171443939209 1591.9110000152104
24.91 92.37945938110352 1616.991909107152
24.9 92.47620058059692 1634.4792978832036
24.89 92.57592582702637 1650.616688188219
24.89 92.67466592788696 1641.0740000152707
24.89 92.77548098564148 1642.097000015199
24.88 92.87255835533142 1668.8632978833978
24.88 92.97226905822754 1659.5450000155256
24.87 93.06901383399963 1686.5066881882324
24.87 93.16675233840942 1676.9760000159706
24.87 93.26548314094543 1678.19800001499
24.87 93.36522102355957 1679.6150000157043
24.86 93.46403431892395 1706.5692978839845
24.86 93.56269717216492 1697.247000015224
24.86 93.65943050384521 1698.7730000159934
24.85 93.75916075706482 1725.8212978957345
24.85 93.8588981628418 1716.5930000154735
24.84 93.95863747596741 1742.511311938337
24.84 94.05637168884277 1734.841000015148
24.84 94.15411138534546 1736.3290000150437
24.83 94.25491642951965 1762.2899091068737
24.83 94.35268568992615 1754.797000015505
24.83 94.45038390159607 1756.3780000153943
24.83 94.5491156578064 1758.2480000151568
24.83 94.64593482017517 1759.829000015046
24.83 94.74459552764893 1761.4270000157426
24.82 94.84432601928711 1788.757297884178
24.82 94.9420645236969 1780.0810000153708
24.82 95.0398051738739 1781.7730000161084
24.82 95.13863015174866 1783.4650000147508
24.82 95.23827385902405 1785.4270000157396
24.83 95.33800315856934 1761.3867021487386
24.83 95.4408221244812 1773.623000015157
24.83 95.53256940841675 1775.476000016091
24.83 95.63231301307678 1777.0740000148087
24.83 95.73352599143982 1778.672000015505
24.83 95.83128523826599 1780.5250000164392
24.83 95.9299943447113 1782.1230000151568
24.83 96.02673768997192 1783.7040000150462
24.83 96.12655639648438 1785.5740000148087
24.84 96.22420811653137 1761.4397021477575
24.84 96.32294726371765 1773.5660000153578
24.85 96.42168688774109 1749.3377021482656
24.85 96.52050161361694 1761.611000015048
24.86 96.61915731430054 1737.288702147924
24.86 96.71697473526001 1749.2430000161983
24.86 96.81663227081299 1750.7690000153377
24.87 96.91544389724731 1726.3527021481636
24.87 97.01418161392212 1738.2130000148875
24.87 97.11207365989685 1739.6300000156018
24.87 97.2138032913208 1740.8520000161345
24.88 97.31054902076721 1716.3417021343564
24.88 97.41227436065674 1728.2880000158916