temp time control
21.18 0.02897167205810547 3831.8420000288174
21.18 0.12835311889648438 3867.7500000000005
21.18 0.22907567024230957 3909.3880000209906
21.18 0.32586145401000977 3945.295999992173
21.18 0.4255540370941162 3981.204000007827
21.18 0.5238308906555176 4016.730000005337
21.18 0.6215722560882568 4058.750000000001
21.18 0.7213122844696045 4094.27599999751
21.18 0.8200395107269287 4130.184000013163
21.18 0.9189395904541016 4172.204000007828
21.18 1.018510103225708 4207.7300000053365
21.18 1.1172516345977783 4243.63800002099
21.18 1.2159898281097412 4285.27599999751
21.18 1.3146803379058838 4321.184000013163
21.18 1.413421392440796 4357.092000028818
21.18 1.5121591091156006 4398.7300000053365
21.18 1.6089012622833252 4434.638000020991
21.18 1.7086255550384521 4470.545999992174
21.17 1.8073647022247314 4531.4673119351955
21.17 1.9059844017028809 4558.295000028911
21.17 2.0047190189361572 4594.297000000019
21.18 2.1044528484344482 4616.760688099032
21.18 2.2001962661743164 4661.842999992194
21.18 2.3020102977752686 4697.751000007847
21.18 2.3976690769195557 4733.277000005357
21.18 2.4964048862457275 4775.2970000000205
21.18 2.5922741889953613 4810.82299999753
21.18 2.692882776260376 4846.731000013184
21.18 2.7856290340423584 4882.6390000288375
21.18 2.8874144554138184 4924.277000005358
21.18 2.986100912094116 4960.185000021011
21.18 3.085831642150879 5001.822999997531
21.19 3.1835739612579346 5016.998702145437
21.19 3.2829062938690186 5063.451000028755
21.19 3.381641149520874 5099.265000000012
21.19 3.482370138168335 5140.794000020948
21.19 3.5791115760803223 5176.607999992206
21.19 3.677849292755127 5212.4220000078185
21.19 3.7775840759277344 5253.951000028754
21.19 3.876325845718384 5289.765000000012
21.19 3.9740612506866455 5325.197999997528
21.19 4.0708839893341064 5367.107999992206
21.19 4.172533273696899 5402.9220000078185
21.19 4.268273830413818 5438.355000005335
21.2 4.367005825042725 5453.436702153208
21.2 4.465752124786377 5505.4949999975515
21.2 4.5635762214660645 5541.215000013123
21.21 4.662180423736572 5556.202702160947
21.21 4.760003089904785 5608.152000005356
21.22 4.861641883850098 5623.045702153147
21.23 4.958458185195923 5648.483702111527
21.23 5.056126356124878 5700.215000013122
21.24 5.155890226364136 5714.920702160831
21.25 5.253758668899536 5740.1707021193615
21.25 5.350528955459595 5785.6839999977965
21.27 5.448236465454102 5788.5321818084585
21.28 5.548964738845825 5821.043702140123
21.29 5.645706653594971 5845.432311832617
21.3 5.750517129898071 5877.794090908176
21.32 5.843186140060425 5879.60362365225
21.33 5.941922426223755 5914.968702145183
21.35 6.04165244102478 5918.640404292429
21.37 6.138394117355347 5941.135376141969
21.39 6.237125873565674 5952.141404284913
21.41 6.335862159729004 5965.887404231482
21.43 6.432603120803833 5987.728376168893
21.44 6.53142237663269 6018.902702159737
21.46 6.631163597106934 6021.540404238981
21.48 6.729807376861572 6042.8363761761175
21.5 6.833535194396973 6052.808404231921
21.53 6.927278995513916 6044.788106404785
21.55 7.026080369949341 6075.95937618289
21.57 7.125750541687012 6085.273404239221
21.6 7.222497224807739 6075.911935480368
21.63 7.321225166320801 6087.967272717866
21.65 7.418965101242065 6105.453404272377
21.68 7.517790794372559 6095.347935487226
21.71 7.617437839508057 6096.617106415988
21.74 7.715217113494873 6106.543064203726
21.77 7.815902948379517 6102.513106409187
21.8 7.911654710769653 6102.593106422299
21.83 8.010390281677246 6111.538064210591
21.86 8.109119415283203 6106.6621064156825
21.89 8.207976341247559 6105.896106352694
21.92 8.30567455291748 6113.86006424631
21.96 8.404333114624023 6087.4058085539
21.99 8.502070903778076 6096.338106359375
22.02 8.603856801986694 6093.708935481671
22.05 8.700543403625488 6101.144272719748
22.09 8.799274444580078 6073.217808537055
22.12 8.899061679840088 6080.296935487596
22.15 8.999746799468994 6086.632272725819
22.19 9.0965256690979 6057.027247308983
22.22 9.195252180099487 6064.255106408461
22.25 9.293025493621826 6069.147272731531
22.29 9.392692804336548 6038.612247314772
22.32 9.491432189941406 6044.90010641383
22.35 9.589166641235352 6048.177064205312
22.39 9.688987970352173 6017.680808540535
22.43 9.7926607131958 6001.838808551067
22.47 9.886369705200195 5995.271752279212
22.5 9.984146356582642 5993.554106413461
22.54 10.082573175430298 5966.039808474504
22.58 10.181310653686523 5958.273752323391
22.61 10.282041311264038 5955.522106417996
22.65 10.378312587738037 5926.973808479867
22.69 10.479944467544556 5918.0087523281445
22.72 10.578680753707886 5914.22310635624
22.76 10.673428297042847 5884.640808537234
22.8 10.772198677062988 5864.643247315427
22.84 10.870977401733398 5855.050363635344
22.88 10.968677759170532 5828.11924731103
22.92 11.067376852035522 5808.128808539923
22.96 11.169190168380737 5796.758363639635
23.0 11.265839099884033 5768.7112473154
23.03 11.36461877822876 5768.3251064115475
23.07 11.462792873382568 5744.57975227568
23.11 11.562529802322388 5716.489808539731
23.15 11.661265134811401 5693.879808547312
23.19 11.761000633239746 5679.464752279875
23.22 11.860810995101929 5670.979106411186
23.26 11.95747709274292 5636.696808477648
23.3 12.05624794960022 5621.082752322583
23.34 12.15593934059143 5590.830808546497
23.38 12.253681898117065 5566.058808481576
23.41 12.353513717651367 5561.140935485659
23.45 12.45016074180603 5534.0853636336315
23.48 12.549890041351318 5522.822106405004
23.52 12.64863109588623 5485.490247315963
23.56 12.749361276626587 5467.977363636885
23.59 12.84459924697876 5455.195935485826
23.63 12.947321653366089 5417.778808539022
23.67 13.041109085083008 5398.598363639715
23.71 13.139811515808105 5363.948247315945
23.75 13.24059009552002 5336.1558085414445
23.78 13.337277889251709 5334.484064209416
23.82 13.437014102935791 5290.545808538781
23.86 13.534753561019897 5261.261808543452
23.9 13.633708477020264 5231.601808482455
23.94 13.732219934463501 5209.011752323863
23.97 13.832950592041016 5193.476106361389
24.01 13.929692506790161 5152.14380853726
24.05 14.027433395385742 5128.354752325374
24.09 14.129466533660889 5091.052808482921
24.13 14.22520637512207 5058.686247314678
24.16 14.322942972183228 5053.664272728499
24.2 14.420682907104492 5005.90380853716
24.24 14.522411346435547 4972.51424731629
24.28 14.619156122207642 4939.73980853961
24.31 14.714895963668823 4932.29106421085
24.35 14.815631628036499 4883.370808538031
24.39 14.912368774414062 4849.1048085405355
24.43 15.011104106903076 4821.173752280727
24.47 15.110859155654907 4780.299808539205
24.51 15.209843397140503 4744.905808482802
24.55 15.30758810043335 4715.666752320867
24.59 15.406411170959473 4673.66480853966
24.63 15.505053043365479 4637.142808484169
24.66 15.604790210723877 4625.879064243603
24.7 15.707509994506836 4573.668808483773
24.74 15.801263332366943 4536.11280853754
24.78 15.899042844772339 4497.701247317015
24.82 15.998735666275024 4466.3283636397
24.85 16.09647035598755 4441.828935489464
24.89 16.196211338043213 4392.567808537497
24.93 16.292975425720215 4359.527363639956
24.97 16.394677877426147 4313.159247317005
25.01 16.49541139602661 4273.522808537334
25.04 16.589160203933716 4258.117064213061
25.08 16.68589425086975 4202.334808537258
25.12 16.78363299369812 4161.20680853676
25.16 16.885364055633545 4119.702808485272
25.2 16.979111671447754 4083.3787523197625
25.23 17.081849813461304 4055.999106366784
25.27 17.179078340530396 4002.8228085375026
25.31 17.27731680870056 3965.299752318689
25.34 17.376050233840942 3936.88610636654
25.38 17.474791049957275 3882.2562473182375
25.41 17.57359766960144 3863.484272733803
25.45 17.672259092330933 3803.9738085373424
25.48 17.770992279052734 3779.8049354900727
25.52 17.870733737945557 3729.979363640938
25.55 17.969547748565674 3698.9699354911577
25.59 18.07318639755249 3643.1288085363226
25.62 18.16594362258911 3621.5892727318055
25.66 18.26367712020874 3559.7132473172423
25.69 18.36245846748352 3534.3231064024894
25.73 18.463186740875244 3476.8228084875964
25.76 18.55788826942444 3453.5690642409872
25.8 18.654638528823853 3391.018808532842
25.83 18.752368688583374 3363.8551063672844
25.87 18.849172353744507 3304.66824731929
25.9 18.946848154067993 3280.506272735551
25.94 19.051735401153564 3216.3898085370715
25.97 19.14545440673828 3187.663935490133
26.01 19.245190858840942 3132.448363641672
26.04 19.344921588897705 3096.881935492222
26.08 19.439663887023926 3036.434808535375
26.11 19.53740119934082 3009.505272731542
26.15 19.63513994216919 2943.0722473172987
26.18 19.734873294830322 2913.076106400538
26.21 19.83261203765869 2871.7021063701395
26.25 19.93135166168213 2813.2947523179846
26.28 20.03208303451538 2776.0451063975506
26.31 20.131814002990723 2733.7311063679135
26.34 20.230554342269897 2693.517064237238
26.38 20.33132314682007 2625.514808490081
26.41 20.430025100708008 2592.8991064047023
26.44 20.52775526046753 2551.5950642339553
26.48 20.62549662590027 2482.652808487553
26.51 20.72523546218872 2448.9049354936556
26.54 20.82297682762146 2406.9502727380122
26.57 20.92279052734375 2357.5501064046566
26.61 21.021345853805542 2291.4812473176303
26.64 21.11509346961975 2257.1611063989853
26.67 21.213828086853027 2213.35006421702
26.7 21.31564974784851 2162.978106402289
26.73 21.411394834518433 2116.716106395195
26.77 21.510137796401978 2052.640752282069
26.8 21.607868432998657 2010.5031063986978
26.84 21.71259355545044 1942.5688084921783
26.87 21.804344177246094 1905.629106404915
26.9 21.902086973190308 1859.3110642316472
26.93 22.000826358795166 1806.77710636951
26.96 22.102257251739502 1758.2059354950302
27.0 22.199330806732178 1692.1003636479627
27.03 22.298604011535645 1647.4671064047873
27.06 22.397420644760132 1597.9659354908545
27.09 22.495073556900024 1549.9612727359688
27.12 22.594807863235474 1495.25993549515
27.15 22.692540407180786 1445.393106401628
27.18 22.791276931762695 1396.055272731586
27.21 22.891015768051147 1340.5169354908257
27.23 22.989843368530273 1310.5364042646747
27.26 23.08654022216797 1249.656064218632
27.29 23.18622398376465 1193.738106401483
27.31 23.28395986557007 1162.662404259718
27.34 23.383697986602783 1100.9100642141666
27.36 23.485448122024536 1064.9724042644298
27.39 23.581170082092285 1001.8681063752282
27.41 23.679242610931396 969.8524042725827
27.44 23.777979850769043 907.0100642286365
27.46 23.87480854988098 870.132404251382
27.48 23.977436780929565 826.8396236691614
27.5 24.0721914768219 782.6631818341206
27.52 24.171926498413086 735.8804042725164
27.53 24.269757509231567 712.875311836771
27.55 24.36939239501953 657.3961818290051
27.56 24.46613383293152 631.0173118420083
27.58 24.565863847732544 576.2414042688262
27.59 24.665602207183838 549.9370909157831
27.61 24.76437473297119 493.2496236639567
27.62 24.862071990966797 469.48870213110763
27.63 24.96185541152954 432.2856880832025
27.64 25.060545444488525 396.00570213645534
27.65 25.15932011604309 361.09570212560203
27.65 25.2610125541687 346.8240000132936
27.66 25.35679054260254 298.6556880766937
27.67 25.456482887268066 262.0937021379365
27.67 25.560288906097412 247.63400000787473
27.67 25.651962757110596 218.5309999932037
27.68 25.75104856491089 172.70070213254695
27.68 25.84878945350647 158.41500001516982
27.69 25.946524620056152 109.73409092686089
27.69 26.044307470321655 93.53900000790283
27.69 26.143000841140747 68.52200000965647
27.69 26.24181318283081 43.23599999863337
27.69 26.341469049453735 13.91500001516821
27.69 26.440213203430176 -11.370999995854891
27.69 26.53898048400879 -36.65700000687799
27.69 26.63668131828308 -65.97799999034315
27.69 26.736416578292847 -91.26400000136626
27.68 26.840142488479614 -95.81770210026806
27.68 26.934896230697632 -135.66799999587386
27.68 27.03362202644348 -160.86000000685584
27.67 27.1360182762146 -165.31970210584024
27.66 27.231096506118774 -185.77768807934865
27.66 27.331918954849243 -219.9559999812646
27.65 27.42855978012085 -224.22770212441765
27.64 27.528300523757935 -244.46768808465157
27.64 27.62902522087097 -278.45799998671515
27.63 27.72676730155945 -282.16431181220076
27.62 27.823506832122803 -302.64609088927926
27.61 27.92324137687683 -315.6327021243306
27.6 28.020071744918823 -329.6983118175476
27.59 28.118821620941162 -349.8500908946573
27.58 28.216461181640625 -362.1823118122402
27.57 28.317524194717407 -376.4547021278715
27.56 28.413956880569458 -390.5187021383565
27.55 28.512670278549194 -409.7776880586113
27.53 28.610400438308716 -401.45740426535133
27.52 28.709146738052368 -425.7837021008651
27.51 28.80986714363098 -444.6066880735596
27.5 28.905654907226562 -456.642702138077
27.49 29.003350734710693 -470.04870210611625
27.47 29.09810185432434 -462.152623639793
27.45 29.196840047836304 -472.4261817978371
27.44 29.29757046699524 -492.905702124264
27.42 29.396301984786987 -484.5446236447943
27.41 29.492044925689697 -508.0657021325572
27.39 29.591781854629517 -506.4063761220137
27.37 29.690517902374268 -505.75640425987854
27.35 29.78832244873047 -507.84640426950875
27.34 29.893017530441284 -535.4546880587484
27.32 29.98672604560852 -525.1604042646312
27.3 30.08345890045166 -526.7804042209308
27.28 30.184192180633545 -534.5603761512538
27.26 30.28194785118103 -532.876404269071
27.25 30.380748510360718 -554.6647021066217
27.23 30.48040795326233 -551.2613761557942
27.21 30.580140352249146 -549.1074042213285
27.19 30.677871465682983 -549.6934042566533
27.17 30.77661108970642 -556.2743761600216
27.15 30.87434697151184 -553.5564042260013
27.13 30.973082065582275 -553.136623640779
27.11 31.073816061019897 -559.670181799298
27.09 31.170559883117676 -556.2214042565847
27.07 31.270408868789673 -555.2436236450476
27.05 31.368026733398438 -561.1171818036504
27.03 31.46788239479065 -556.6726236408614
27.01 31.563510417938232 -555.7954042592866
26.98 31.66524052619934 -533.7691063996946
26.96 31.76297903060913 -548.6993761271992
26.94 31.861706495285034 -544.0074042633021
26.92 31.959446907043457 -542.0554042224684
26.9 32.05818247795105 -545.6933761506965
26.87 32.15492296218872 -519.7051063992202
26.85 32.254658699035645 -527.7334042266151
26.83 32.35339117050171 -530.6083761544586
26.8 32.45212769508362 -503.9621063422154
26.78 32.55097007751465 -511.33240425673597
26.76 32.64861345291138 -507.471623645401
26.73 32.74734711647034 -490.7342727123842
26.71 32.84806942939758 -492.4046236418686
26.68 32.945810317993164 -467.7871063912353
26.65 33.04455089569092 -460.57927271584686
26.63 33.14328074455261 -461.50562364538354
26.61 33.24708580970764 -462.539181804601
26.58 33.34175229072571 -433.1569354693051
26.56 33.44148230552673 -438.8024042586846
26.54 33.54022216796875 -438.8371818078119
26.52 33.638954877853394 -429.64962364535523
26.49 33.73769474029541 -403.24610639394336
26.47 33.83651781082153 -407.7024042242088
26.44 33.93517446517944 -387.1520642279394
26.42 34.03390574455261 -386.7464042642931
26.4 34.13264060020447 -379.9064042273749
26.38 34.23145794868469 -377.87637615275634
26.35 34.334105014801025 -347.0001063439045
26.33 34.42984580993652 -350.14040425657373
26.31 34.530574560165405 -347.34737615522033
26.28 34.62631440162659 -315.81310634689663
26.26 34.72604775428772 -317.94062364311367
26.24 34.823790550231934 -314.9041818028412
26.21 34.92053031921387 -282.5451063888263
26.19 35.020302295684814 -284.02162364556364
26.17 35.121992349624634 -280.2151818053959
26.14 35.217777729034424 -246.7409354703869
26.12 35.316468954086304 -248.25040425796328
26.1 35.41385865211487 -238.59040426247134
26.08 35.513590812683105 -233.29037612767382
26.06 35.60932731628418 -220.3264042601739
26.03 35.70807075500488 -189.37010634518023
26.01 35.80883836746216 -193.94537614940063
25.98 35.90554094314575 -159.59110639426672
25.96 36.003276348114014 -159.25340422837942
25.94 36.10201406478882 -152.42737615133947
25.91 36.20079207420349 -117.41510634579951
25.89 36.29948282241821 -116.41940425667681
25.87 36.39822030067444 -104.28162364592214
25.85 36.49695944786072 -96.95518180620137
25.83 36.595698595047 -81.35062364418711
25.8 36.69542741775513 -48.46110638995887
25.78 36.79228353500366 -50.77418180784858
25.76 36.89090919494629 -34.51862364588736
25.74 36.9896457195282 -21.703404259100846
25.71 37.08937454223633 6.803935805187001
25.69 37.18819832801819 14.071595742429148
25.67 37.290831327438354 27.773595739683113
25.64 37.38558387756348 57.0439358035513
25.62 37.484375953674316 64.96959574107701
25.6 37.58305907249451 79.329595771953
25.58 37.67979717254639 93.877595743233
25.55 37.778536319732666 124.12893577073928
25.53 37.87626886367798 132.90059577055268
25.51 37.97600698471069 148.38637635472247
25.49 38.07274389266968 159.67281819394717
25.47 38.16948080062866 178.34959574329582
25.45 38.26722264289856 194.3933763537767
25.42 38.36711883544922 230.85489360956583
25.4 38.46569776535034 232.9286238724829
25.38 38.56446146965027 252.28459574276945
25.36 38.66316223144531 268.90059574129384
25.33 38.761906147003174 301.5499358032565
25.31 38.862633228302 312.3895957420527
25.29 38.958428621292114 329.6635957705901
25.27 39.06010580062866 343.79262385131165
25.24 39.15485334396362 385.102893609478
25.22 39.25059223175049 392.3965957697829
25.2 39.35331964492798 410.7653763537506
25.18 39.448063135147095 425.4618181925354
25.15 39.54580569267273 467.78489361090465
25.13 39.64454221725464 476.1663763534725
25.11 39.74626636505127 491.6328181921596
25.09 39.843013286590576 514.1193763536841
25.07 39.9417519569397 533.2325957432088
25.05 40.04646682739258 549.5878181920001
25.03 40.143205404281616 572.6323763534854
25.01 40.23799467086792 592.309595743256
24.99 40.33668828010559 612.4035957695377
24.96 40.43443322181702 649.0859357739356
24.95 40.53216910362244 642.6712978759068
24.93 40.628912925720215 673.9675957694292
24.91 40.7286422252655 692.0206238521288
24.89 40.82937216758728 715.9825957690931
24.87 40.92412257194519 737.2045957432751
24.85 41.022857904434204 758.828376353365
24.83 41.12458086013794 777.3748181916676
24.81 41.21932911872864 802.4653763530064
24.79 41.317073583602905 824.2105957436785
24.77 41.414891481399536 846.3725957446205
24.75 41.517144441604614 866.1696238712361
24.73 41.61328053474426 891.6355957441893
24.71 41.710017681121826 914.3615957683515
24.7 41.808833360672 915.5293119302282
24.68 41.90752673149109 950.6395957449622
24.66 42.01021766662598 973.8355957687471
24.64 42.10495948791504 994.8316238529303
24.62 42.20369553565979 1021.3315957678577
24.6 42.30147910118103 1045.0915957431464
24.58 42.400386810302734 1066.741623854016
24.56 42.498910665512085 1093.8055957684878
24.54 42.59964466094971 1118.3123763520252
24.53 42.696385622024536 1121.0679090978356
24.51 42.79810953140259 1157.8595957431862
24.49 42.89385104179382 1182.8313763530484
24.47 42.995619773864746 1205.3378181908379
24.45 43.09454131126404 1233.7763763519451
24.43 43.192251205444336 1258.9055957440924
24.42 43.28892970085144 1263.7192978787627
24.4 43.38666772842407 1297.9696238709382
24.38 43.4854371547699 1326.7255957453224
24.36 43.585137367248535 1352.7415957668443
24.34 43.684879541397095 1377.007623852676
24.32 43.78361511230469 1406.3275957469064
24.31 43.88040471076965 1412.175297887177
24.29 43.98407745361328 1447.6246238541594
24.28 44.07997131347656 1456.682297885641
24.26 44.177557945251465 1494.2765957432023
24.24 44.27629375457764 1519.6326238559404
24.23 44.37606644630432 1529.1602978870415
24.21 44.47476577758789 1567.3743763512434
24.19 44.57250118255615 1592.960818188645
24.18 44.67323350906372 1603.1252978755845
24.16 44.77006387710571 1641.8043763529251
24.15 44.87169909477234 1648.927297878521
24.13 44.9654541015625 1686.1206238690265
24.12 45.06518745422363 1696.6822978767732
24.1 45.16192865371704 1735.7805957481653
24.09 45.260660886764526 1743.597311938949
24.08 45.360398292541504 1763.7092978786443
24.06 45.45812964439392 1803.1835957656037
24.05 45.55795669555664 1811.4363119310453
24.04 45.65559959411621 1831.9242978807065
24.02 45.75234270095825 1871.7745957673642
24.01 45.85108423233032 1880.457688177756
24.0 45.94981646537781 1899.7959090956308
23.99 46.04955458641052 1920.8372978754107
23.97 46.14728665351868 1961.2833763526273
23.96 46.246105670928955 1970.3089090976416
23.95 46.34376263618469 1991.735688177695
23.94 46.44349527359009 2011.5852978769392
23.93 46.54222917556763 2031.8079090998103
23.92 46.64097213745117 2053.513688179834
23.91 46.73978281021118 2073.6452978792113
23.9 46.83844017982483 2094.171311936528
23.9 46.93674993515015 2095.337000009255
23.89 47.03391480445862 2126.409297881503
23.88 47.13173532485962 2146.937297886234
23.88 47.23338174819946 2148.5070000115084
23.87 47.32913064956665 2179.767297883858
23.87 47.42786192893982 2179.7510000076127
23.87 47.52859306335449 2192.068000013822
23.87 47.625338554382324 2202.6900000052974
23.86 47.72511124610901 2234.044688177354
23.86 47.820810317993164 2235.832000002963
23.86 47.9235405921936 2246.5480000076345
23.86 48.02027869224548 2257.150000006892
23.86 48.1200213432312 2269.690000005299
23.87 48.2173535823822 2259.446311831762
23.87 48.319077014923096 2280.8210000091913
23.87 48.413827419281006 2291.443000013822
23.88 48.51256585121155 2284.476688075162
23.88 48.61129975318909 2304.179000011529
23.89 48.71003198623657 2293.9747021222743
23.9 48.80976843833923 2297.4286880872214
23.9 48.90853929519653 2316.9430000137077
23.91 49.00723719596863 2306.550702124604
23.92 49.10707116127014 2309.7866880894344
23.93 49.2037889957428 2308.380702122471
23.94 49.3036789894104 2308.3447021399843
23.95 49.400192975997925 2311.2536880914813
23.97 49.49892497062683 2288.833404243935
23.98 49.600319385528564 2298.843311832226
24.0 49.696059703826904 2277.719404273717
24.01 49.79379868507385 2290.7950909156725
24.03 49.89452862739563 2267.4016236615125
24.05 49.9932644367218 2261.1751818216526
24.06 50.09101223945618 2267.3463118323734
24.08 50.18874382972717 2245.470404273534
24.1 50.287484645843506 2233.930404277215
24.12 50.38621425628662 2226.450376143657
24.13 50.483954191207886 2232.3387021430813
24.15 50.58098745346069 2209.690404242615
24.17 50.682894706726074 2197.49240427236
24.19 50.77816677093506 2189.249376168259
24.21 50.87790489196777 2173.7474042445056
24.24 50.97712326049805 2139.83393548738
24.26 51.07390284538269 2142.050181820601
24.28 51.175593852996826 2125.723404272276
24.3 51.27237629890442 2112.004623661632
24.33 51.371110677719116 2083.6072727301034
24.36 51.46898150444031 2054.5739354874822
24.38 51.56871700286865 2051.383404273009
24.41 51.6674530506134 2021.8772727313974
24.43 51.76628351211548 2012.9456236616247
24.46 51.861971616744995 1977.6121064063207
24.49 51.96175456047058 1957.5630642109625
24.51 52.060410499572754 1948.4154042728933
24.54 52.16122031211853 1912.1011064070838
24.56 52.259872913360596 1906.8754042451155
24.58 52.35960006713867 1894.3813761652182
24.61 52.455429792404175 1854.481106363601
24.63 52.554083824157715 1848.5974042723474
24.66 52.653815031051636 1816.0570642436767
24.68 52.752549171447754 1805.3114042454508
24.71 52.85028839111328 1767.0269354886243
24.73 52.948026180267334 1764.0731818225124
24.76 53.04577279090881 1722.596106404512
24.78 53.145509004592896 1715.0516236618855
24.81 53.24328136444092 1681.374272731027
24.83 53.34197473526001 1668.7226236615122
24.85 53.44071388244629 1650.361404272308
24.87 53.54148626327515 1631.583404272845
24.89 53.635197162628174 1615.7103761440167
24.91 53.7319610118866 1593.6284042725383
24.93 53.83067321777344 1574.2864042456606
24.95 53.92940282821655 1554.7564042722163
24.97 54.02714157104492 1538.0113761638256
24.99 54.12488389015198 1515.1774042459563
25.01 54.22462248802185 1494.8556236621182
25.03 54.321431398391724 1477.8491818236303
25.05 54.42008996009827 1454.2844042721476
25.06 54.51883244514465 1454.250311834799
25.08 54.61556887626648 1422.9744042718612
25.1 54.71536636352539 1404.8123761443167
25.12 54.814045906066895 1380.7564042719814
25.14 54.912827253341675 1359.4404042714082
25.16 55.010557889938354 1340.6243761442392
25.17 55.10824966430664 1336.7367021393945
25.19 55.205028772354126 1304.3124042467773
25.2 55.30672335624695 1303.0707021400144
25.22 55.40346431732178 1272.9623761625458
25.23 55.50138592720032 1268.5107021273604
25.24 55.599998474121094 1256.1643118356042
25.25 55.7026686668396 1245.0760909166813
25.26 55.7994019985199 1231.084702139975
25.27 55.897692918777466 1218.4593118350626
25.29 55.99643540382385 1187.840181824136
25.3 56.09815549850464 1182.4793118356586
25.31 56.1939001083374 1169.6797021394877
25.32 56.29263496398926 1157.7070909155689
25.32 56.39009213447571 1163.8220000078425
25.33 56.49010133743286 1140.0817021387916
25.34 56.58856201171875 1127.8396880768003
25.35 56.68530058860779 1113.0857021394404
25.36 56.78803372383118 1099.7017021379709
25.36 56.883849143981934 1106.4160000078843
25.37 56.981512784957886 1082.2997021386623
25.38 57.08223843574524 1068.7277021283594
25.39 57.17798471450806 1055.0617021399312
25.39 57.276724100112915 1061.4490000054925
25.4 57.37749171257019 1037.0507021276362
25.41 57.4742796421051 1023.1233118359795
25.41 57.57093667984009 1030.0220000070979
25.42 57.66966772079468 1006.3110909156181
25.42 57.771016359329224 1011.4960000079569
25.42 57.86875534057617 1007.5480000062358
25.43 57.964377880096436 983.6866880771036
25.43 58.063114404678345 988.8190000071189
25.43 58.16085767745972 984.7770000053569
25.43 58.25959491729736 980.090000008
25.43 58.36031913757324 976.0480000062379
25.43 58.45706033706665 972.0060000094817
25.43 58.55683398246765 967.319000007119
25.43 58.65752387046814 963.277000005357
25.43 58.75395369529724 959.2350000086008
25.43 58.85300040245056 954.5480000062381
25.43 58.951778411865234 950.5060000094818
25.43 59.04848575592041 946.4640000077198
25.42 59.147823095321655 963.3106881807862
25.42 59.24755501747131 947.9380000085785
25.42 59.34829044342041 944.0320000088523
25.41 59.44402456283569 960.8162978748782
25.41 59.544755697250366 945.6680000077466
25.41 59.64150333404541 941.8550000080139
25.4 59.74032425880432 958.7332978740808
25.39 59.83997130393982 963.0183119405489
25.39 59.93871021270752 950.1780000071733
25.39 60.03744649887085 946.5120000055751
25.38 60.139167070388794 961.544311939693
25.38 60.234909534454346 948.7980000063554
25.37 60.33465051651001 965.9582978900204
25.37 60.434953927993774 951.2870000071116
25.37 60.532731771469116 947.8090000055954
25.36 60.63147044181824 965.0632978891923
25.36 60.73431944847107 950.5010000063345
25.35 60.82993292808533 967.8492978898487
25.35 60.930726528167725 953.9210000075386
25.34 61.02741193771362 969.389311927654
25.33 61.12531757354736 977.7512978890425
25.33 61.22487807273865 964.0440000083781
25.32 61.322622537612915 979.6149091008849
25.31 61.42189908027649 988.2482978752587
25.3 61.51867365837097 995.5726881805424
25.29 61.61846899986267 1002.7322978742654
25.28 61.719099044799805 1008.2163119400574
25.27 61.811851978302 1017.1422978748797
25.26 61.911916971206665 1024.6982978738083
25.25 62.01073718070984 1030.5093119394264
25.24 62.10938763618469 1039.7172978743686
25.23 62.20912170410156 1047.555297889273
25.21 62.307862281799316 1072.9766238512038
25.2 62.40559482574463 1073.3862978741292
25.19 62.503334283828735 1081.600297888732
25.18 62.60206842422485 1090.0406881807735
25.16 62.701804637908936 1115.709818192325
25.15 62.799546241760254 1116.7562978752894
25.14 62.89827799797058 1123.7663119287924
25.12 62.99700903892517 1154.7405957694739
25.11 63.09774088859558 1153.1936881805902
25.1 63.19507813453674 1162.1392978750807
25.08 63.293896436691284 1188.8028181916247
25.07 63.392431020736694 1190.722688180333
25.06 63.493292808532715 1200.0442978749986
25.05 63.58994650840759 1208.0353119393767
25.04 63.68864440917969 1219.1232978751416
25.02 63.78649878501892 1249.5735957427598
25.01 63.88715386390686 1247.3623119391914
25.0 63.98385548591614 1258.8262978751202
24.99 64.08283925056458 1268.9202978882215
24.98 64.18045473098755 1279.1082978751224
24.96 64.28018498420715 1307.254623851602
24.95 64.37792491912842 1310.014297888145
24.94 64.47566437721252 1320.686688180019
24.93 64.5770332813263 1329.794909099193
24.92 64.67232298851013 1342.0942978751546
24.91 64.77005791664124 1353.0456881801954
24.9 64.86979079246521 1362.4839090993237
24.89 64.97251796722412 1375.1686881799797
24.87 65.07025742530823 1406.9145957431224
24.86 65.16799879074097 1406.2689090995884
24.84 65.26641631126404 1440.1713763530117
24.83 65.36551117897034 1440.9022978758212
24.81 65.4652931690216 1473.3265957684384
24.8 65.56095027923584 1473.404311929759
24.79 65.65668678283691 1486.8422978763467
24.77 65.75841856002808 1517.0596238707858
24.76 65.85715866088867 1521.6052978759103
24.75 65.95606637001038 1533.9552978872048
24.74 66.0557861328125 1546.3992978750966
24.72 66.15364933013916 1577.1616238528914
24.71 66.25226092338562 1582.1772978876168
24.7 66.35199427604675 1595.0816881793453
24.69 66.45128798484802 1606.8299090981736
24.68 66.54902935028076 1621.385297875129
24.67 66.65075969696045 1634.568688180002
24.66 66.74552798271179 1646.6469090987991
24.65 66.84722757339478 1661.563688179306
24.64 66.9429771900177 1674.8332978756814
24.63 67.0397539138794 1687.3559090995304
24.62 67.13944602012634 1702.5516881800104
24.61 67.24017858505249 1716.10329787652
24.6 67.33392906188965 1729.863297886672
24.59 67.43365240097046 1742.8683119300326
24.59 67.5343861579895 1737.5480000097305
24.58 67.63212656974792 1762.1342978874434
24.57 67.72986626625061 1775.3573119309033
24.56 67.82869553565979 1790.9572978864865
24.55 67.92541694641113 1805.1872978751496
24.55 68.02706456184387 1799.4540000099214
24.54 68.12391328811646 1824.4162978873326
24.53 68.22354292869568 1838.9016881789391
24.53 68.3222815990448 1833.3190000054879
24.52 68.42002034187317 1858.4692978751607
24.52 68.52084493637085 1852.2950000071435
24.51 68.61752891540527 1877.53929787685
24.51 68.71573233604431 1872.2420000061372
24.5 68.81449818611145 1897.5802978758923
24.5 68.9132034778595 1891.6420000102366
24.5 69.01393461227417 1897.0920000071633
24.49 69.10868000984192 1922.5242978769593
24.49 69.20841836929321 1916.6800000054077
24.49 69.30714750289917 1922.2390000082098
24.49 69.40488910675049 1927.0330000102997
24.49 69.50362229347229 1931.8270000064526
24.48 69.60335493087769 1956.6693119312865
24.49 69.70217061042786 1931.6507021245868
24.49 69.80091404914856 1947.0830000075525
24.49 69.89956450462341 1952.6420000103549
24.49 69.99679970741272 1957.4360000065076
24.49 70.09865164756775 1962.179000006175
24.5 70.19347548484802 1946.2407021405181
24.5 70.29213428497314 1962.3790000075242
24.5 70.39486074447632 1967.0290000071982
24.51 70.492600440979 1950.9967021415
24.51 70.58934140205383 1966.9760000061924
24.52 70.6871166229248 1950.8497021404607
24.52 70.78729486465454 1966.0000000101284
24.53 70.88555383682251 1951.9486880754573
24.53 70.98528170585632 1965.5410000091638
24.54 71.08201909065247 1949.2267021248197
24.55 71.18083882331848 1945.5956880861847
24.55 71.27952551841736 1959.0000000100108
24.56 71.37928032875061 1942.4977021258176
24.57 71.47852230072021 1938.6486880870725
24.58 71.57626819610596 1931.1327021250124
24.59 71.67115592956543 1924.9867021398622
24.6 71.76976990699768 1918.592311834506
24.61 71.86948013305664 1914.5440909146998
24.62 71.96822190284729 1906.416311833714
24.63 72.06695032119751 1900.0087021403301
24.64 72.16269445419312 1893.3927021418
24.65 72.2604386806488 1888.6716880755778
24.66 72.35916662216187 1880.4037021410425
24.67 72.4579758644104 1873.5057021253763
24.68 72.55764079093933 1868.4576880860375
24.69 72.6553966999054 1859.9077021415806
24.7 72.75511574745178 1852.7277021261482
24.72 72.85295104980469 1828.069376164602
24.73 72.95166611671448 1828.317702125645
24.74 73.04840469360352 1820.7617021398914
24.75 73.1470639705658 1812.972311834629
24.77 73.24579501152039 1788.0731818229797
24.78 73.34652709960938 1787.548311834163
24.79 73.44426584243774 1779.6367021401234
24.8 73.54300093650818 1773.384090915478
24.82 73.64081764221191 1742.6436236618333
24.83 73.73947787284851 1745.1087021404242
24.84 73.8373167514801 1738.3166880753593
24.85 73.93595361709595 1728.2627021400485
24.86 74.03369498252869 1719.578702140628
24.88 74.13344359397888 1690.0684042456685
24.89 74.23213601112366 1693.3696880860446
24.9 74.33186793327332 1682.8457021263982
24.91 74.43165326118469 1673.691702139937
24.93 74.52739667892456 1646.7443761640654
24.94 74.62714648246765 1645.0187021266925
24.95 74.72581195831299 1635.369311834747
24.96 74.82555317878723 1627.4710909154192
24.97 74.92228555679321 1616.2057021399082
24.99 75.02101922035217 1585.4316236620098
25.0 75.12075638771057 1587.8460909155363
25.01 75.22149538993835 1576.0913118348078
25.02 75.31823015213013 1566.0177021398256
25.03 75.41796588897705 1557.2350909155016
25.05 75.51329946517944 1524.3556236620063
25.06 75.61213088035583 1524.658702139655
25.07 75.710782289505 1515.3596880760037
25.09 75.80856204032898 1482.411404272011
25.1 75.90824270248413 1482.1097021393002
25.11 76.0090548992157 1471.0757021269606
25.12 76.10572075843811 1461.2316880851934
25.13 76.20545792579651 1448.5457021272823
25.14 76.30717992782593 1437.2297021398786
25.15 76.40289831161499 1427.058688084782
25.16 76.50161123275757 1414.0907021270866
25.17 76.60033965110779 1402.395311835277
25.18 76.70007157325745 1392.077090916267
25.18 76.79481506347656 1399.4760000075912
25.19 76.8955397605896 1376.9563118349151
25.2 76.99219822883606 1365.1907021391953
25.2 77.0909321308136 1373.6490000081253
25.21 77.1896698474884 1351.0367021395589
25.21 77.28941869735718 1359.7010000064026
25.22 77.38818740844727 1338.1286880759797
25.22 77.48887777328491 1345.2350000068557
25.23 77.58462047576904 1322.4347021277094
25.23 77.68335843086243 1330.566000007325
25.23 77.78409671783447 1328.4040000063826
25.24 77.88091540336609 1305.5097021273193
25.24 77.98056983947754 1313.5320000068764
25.24 78.08130121231079 1311.2760000086869
25.25 78.17907547950745 1288.2877021399565
25.25 78.27737665176392 1296.2010000062874
25.25 78.37911009788513 1293.8510000081733
25.26 78.4728856086731 1270.6803118355429
25.26 78.57557964324951 1278.5730000087044
25.26 78.6723153591156 1276.1290000076388
25.25 78.7671058177948 1294.556688180602
25.25 78.86879301071167 1281.0540000081528
25.25 78.96760702133179 1278.7290000083158
25.25 79.06626391410828 1276.3790000072913
25.25 79.1649980545044 1273.6290000076406
25.25 79.26373839378357 1271.3040000078038
25.25 79.36247038841248 1268.9540000067793
25.25 79.46021103858948 1266.6040000086653
25.24 79.55827212333679 1283.1623119293304
25.24 79.66099190711975 1271.7320000063648
25.24 79.7547402381897 1269.4760000081753
25.24 79.8544762134552 1266.8600000068566
25.23 79.95420575141907 1285.3362978894656
25.23 80.05095195770264 1272.536000007647
25.23 80.14969038963318 1270.0290000063833
25.22 80.2504198551178 1288.599297888924
25.22 80.34616422653198 1275.915000008188
25.22 80.44398880004883 1273.8470000072864
25.22 80.5426607131958 1271.4270000075937
25.22 80.63939595222473 1269.3810000077372
25.21 80.73614239692688 1288.0452978745752
25.21 80.8378677368164 1275.1180000081654
25.21 80.93597221374512 1273.1440000073048
25.2 81.03563809394836 1291.9022978741914
25.2 81.13337802886963 1279.0840000077164
25.2 81.23311138153076 1277.2040000068969
25.19 81.33184885978699 1296.056297889204
25.18 81.43057918548584 1302.6303119293227
25.18 81.53261518478394 1291.764000006603
25.17 81.62736296653748 1310.8042978887593
25.16 81.72609996795654 1319.4306881807875
25.15 81.82583165168762 1326.1189091002652
25.15 81.92357468605042 1315.6180000075854
25.14 82.02230596542358 1335.0686881804695
25.13 82.122141122818 1341.976909099923
25.12 82.22078347206116 1352.522688180729
25.12 82.31901502609253 1340.6420000074424
25.11 82.41770911216736 1358.5229090996627
25.11 82.51744246482849 1348.4090000076694
25.1 82.61618494987488 1368.1072978749582
25.09 82.71890902519226 1375.6623119395927
25.09 82.8147292137146 1365.6420000074436
25.08 82.91338992118835 1385.5282978748219
25.07 83.01211929321289 1393.3013119393229
25.06 83.11086249351501 1404.2012978750058
25.06 83.20959115028381 1392.9990000077541
25.05 83.30833673477173 1411.6283119294562
25.04 83.40806460380554 1422.7162978750196
25.04 83.5028076171875 1411.702000007617
25.03 83.60254883766174 1430.5493119294288
25.03 83.70261526107788 1421.0930000076764
25.02 83.80035352706909 1441.5432978753004
25.01 83.90008449554443 1449.9703119295177
25.01 83.99782943725586 1440.7020000076145
25.0 84.09566402435303 1461.4546881804145
24.99 84.19429731369019 1471.434297875363
24.99 84.29203796386719 1460.9060000076445
24.98 84.39277505874634 1481.844688180424
24.97 84.49250030517578 1492.0122978754584
24.96 84.58825325965881 1500.9843119392833
24.96 84.68797945976257 1492.18600000767
24.95 84.78671360015869 1513.2942978755807
24.94 84.8865442276001 1522.4843119392829
24.94 84.9831874370575 1513.8740000077512
24.93 85.08139514923096 1535.1702978881046
24.92 85.18020367622375 1544.5783119296411
24.91 85.27986574172974 1556.8882978757372
24.91 85.37859773635864 1547.096000007354
24.9 85.47932934761047 1568.7786881800887
24.89 85.5741376876831 1578.3269090991964
24.88 85.6728081703186 1591.0022978753325
24.88 85.77254176139832 1581.4800000075497
24.87 85.87028121948242 1602.000909099428
24.87 85.97002077102661 1594.1190000072813
24.86 86.06875443458557 1616.073297875561
24.86 86.16749048233032 1606.975000007661
24.85 86.2662205696106 1629.1226881803557
24.84 86.37337136268616 1640.5122978759227
24.84 86.46215224266052 1631.618000007235
24.84 86.5618851184845 1633.1220000078906
24.83 86.66061997413635 1655.3582978762931
24.83 86.76334500312805 1646.573000007544
24.82 86.85909152030945 1668.9032978759801
24.82 86.95782017707825 1659.9570000069216
24.81 87.05615544319153 1681.2023119299492
24.81 87.15289998054504 1673.8140000087458
24.8 87.25262999534607 1696.332297888111
24.8 87.35435843467712 1687.5540000071048
24.79 87.44911122322083 1708.954909098878
24.78 87.54684472084045 1722.5702978754132
24.78 87.64558458328247 1713.978000007569
24.78 87.74369168281555 1716.3980000072615
24.77 87.84446978569031 1739.2896881799115
24.77 87.9401593208313 1730.6990000080557
24.76 88.03890442848206 1753.593297876738
24.76 88.13763403892517 1745.571000007562
24.76 88.23550009727478 1747.8270000085454
24.75 88.33311867713928 1770.8152978875407
24.75 88.43184685707092 1762.9020000080347
24.74 88.53162360191345 1785.984297876806
24.74 88.63131308555603 1777.7900000071402
24.74 88.7310471534729 1780.6240000085688
24.74 88.82879137992859 1783.0680000066075
24.74 88.92852687835693 1785.512000007673
24.73 89.02430725097656 1807.6293119311333
24.73 89.12506031990051 1800.9930000071176
24.73 89.2218005657196 1803.5040000069419
24.73 89.32061409950256 1806.0420000080483
24.73 89.42525696754456 1809.012000007671
24.73 89.5180070400238 1811.523000007495
24.73 89.61674809455872 1814.0610000086015
24.73 89.71547484397888 1817.0040000069419
24.74 89.81330513954163 1798.8097021403087
24.74 89.91294932365417 1811.8920000090748
24.74 90.01168322563171 1814.7260000074768
24.74 90.11042475700378 1817.1700000085423
24.75 90.21016240119934 1798.881702125775
24.75 90.30888962745667 1812.2450000080285
24.75 90.40875172615051 1814.5950000090527
24.75 90.50686049461365 1816.9450000071668
24.76 90.60758471488953 1800.3866880865019
24.76 90.70340323448181 1811.8170000066734
24.76 90.80310463905334 1814.073000007657
24.76 90.90084195137024 1816.6890000089754
24.77 91.00053358078003 1798.2127021263666
24.77 91.10026907920837 1810.9900000070925
24.78 91.20000576972961 1794.3190909147183
24.78 91.298743724823 1805.4780000076848
24.78 91.39647483825684 1807.5240000075414
24.79 91.49621105194092 1790.7430909151883
24.79 91.59495282173157 1801.7870000071132
24.8 91.69367861747742 1783.0287021402266
24.81 91.79358625411987 1776.6660909156058
24.81 91.89161372184753 1787.524000007544
24.81 91.99055004119873 1789.3100000083225
24.82 92.08729410171509 1772.097688075434
24.83 92.18602395057678 1762.2317021402123
24.83 92.28376650810242 1774.4680000086096
24.84 92.3815803527832 1755.333702126521
24.84 92.48123621940613 1767.7160000082802
24.85 92.58005785942078 1748.4877021262673
24.86 92.679119348526 1739.8037021400219
24.86 92.77685856819153 1751.9680000084918
24.87 92.87559700012207 1732.5517021266298
24.87 92.97432541847229 1744.3990000074248
24.88 93.0731463432312 1726.6280909151972
24.89 93.17389297485352 1716.1147021400038
24.89 93.2702476978302 1727.7760000076366
24.9 93.3689796924591 1709.7850909154367
24.91 93.4697117805481 1698.9603118346402
24.91 93.56744647026062 1710.5590000078073
24.92 93.6651840209961 1692.348090915629
24.93 93.7629234790802 1681.3373118348559
24.93 93.86166024208069 1692.7480000079374
24.94 93.95839834213257 1672.6737021266033
24.94 94.0631263256073 1683.9660000078127
24.95 94.15886735916138 1663.797702140319
24.95 94.26059126853943 1674.9060000076424
24.96 94.36139583587646 1656.1676880858784
24.96 94.45507264137268 1665.7180000075587
24.97 94.553471326828 1645.361702139983
24.97 94.65619921684265 1656.3270000078485
24.98 94.75186491012573 1635.8767021268163
24.98 94.85067796707153 1646.701000007683
24.99 94.95040488243103 1627.720090915609
24.99 95.0471580028534 1636.9050000077118
25.0 95.14580702781677 1616.1523118349119
25.01 95.24354815483093 1607.7040909156576
25.01 95.34427881240845 1616.7020000077293
25.02 95.4420211315155 1595.8757021399485
25.02 95.54075956344604 1606.2940000076771
25.03 95.63949537277222 1585.2623118348968
25.03 95.73745679855347 1595.7330000075722
25.04 95.83596968650818 1574.7187021270001
25.04 95.93313837051392 1584.9210000076564
25.05 96.03282618522644 1563.8127021397454
25.05 96.13056564331055 1573.981000007827
25.06 96.22830820083618 1554.1526880855208
25.06 96.3280394077301 1562.7630000079523
25.07 96.42752718925476 1541.4667021399594
25.07 96.53242707252502 1551.342000007279
25.07 96.62325811386108 1550.684000007807
25.08 96.72198867797852 1529.1873118350666
25.08 96.82072925567627 1539.1880000075332
25.08 96.91847038269043 1538.308000007645
25.09 97.01719856262207 1516.7183118349037
25.09 97.11693358421326 1526.6250000073333
25.09 97.21377611160278 1525.6440000078867
25.1 97.31225037574768 1504.0657021397708
25.1 97.41304159164429 1513.7640000070653
25.11 97.50977802276611 1493.3906880759662
25.11 97.60946106910706 1501.5310000072927
25.11 97.70798707008362 1500.4970000081225
25.12 97.80480647087097 1480.0146880854797
25.12 97.90645909309387 1488.0610000069698
25.12 98.00220251083374 1486.933000007875
25.12 98.10108351707458 1485.8170000079533
25.13 98.19872403144836 1465.296090916075
25.13 98.29641389846802 1473.1650000076042
25.14 98.39614486694336 1451.1103118348956
25.14 98.49189162254333 1460.5470000071202
25.14 98.59362578392029 1459.0210000079808
25.15 98.69185280799866 1436.9727021396675
25.15 98.78759932518005 1446.2010000067532
25.16 98.8863308429718 1425.2826880759549
25.16 98.9850721359253 1432.9530000070795
25.16 99.08380794525146 1431.4490000082867
25.16 99.18353939056396 1429.7050000074073
25.16 99.28227925300598 1428.2010000067517
25.17 99.3810076713562 1405.9647021271528
25.16 99.48023915290833 1434.0333119291367
25.16 99.5799663066864 1423.355000008362
25.17 99.67770981788635 1401.1187021399594
25.17 99.77744460105896 1409.9040000067298
25.17 99.87618088722229 1408.306000008012
25.17 99.97491312026978 1406.7250000081228
25.16 100.07053899765015 1424.055909100413
25.16 100.17126774787903 1413.4610000076923
25.16 100.27099752426147 1411.9730000077966
25.16 100.36886382102966 1410.2130000080201
25.16 100.46847438812256 1408.7250000081244
25.16 100.56621599197388 1407.2210000074688
25.16 100.66502285003662 1405.4610000076923
25.16 100.7646791934967 1403.9730000077966
25.15 100.86345672607422 1423.2012978748878
25.15 100.96214842796326 1410.9280000081055
25.15 101.0609302520752 1409.5180000074906
25.15 101.16062259674072 1408.108000006876
25.15 101.2603554725647 1406.6980000080075
25.15 101.35709595680237 1405.0630000071833
25.15 101.45433163642883 1403.6530000083148
25.14 101.55407309532166 1422.97529787544
25.14 101.65180468559265 1410.81100000697
25.14 101.74954867362976 1409.4950000080262
25.14 101.84851813316345 1408.1930000081175
25.13 101.94821166992188 1425.8539091003656
25.13 102.04499650001526 1415.541000007768
25.13 102.14368963241577 1414.3320000078527
25.12 102.24242448806763 1433.8422978750596
25.12 102.34219288825989 1421.8960000080965
25.12 102.43993830680847 1420.7680000076045
25.12 102.53873419761658 1419.6400000071128
25.12 102.63746643066406 1418.3320000078504
25.12 102.73518013954163 1417.2040000073584
25.12 102.8339033126831 1416.0760000082637
25.11 102.93064427375793 1434.051311929643
25.11 103.03137469291687 1423.84300000721
25.1 103.1291880607605 1443.5412978888385
25.1 103.2288498878479 1431.813000007413
25.09 103.32971572875977 1451.6052978889732
25.09 103.42432379722595 1440.1210000077247
25.08 103.52505779266357 1458.4233119292687
25.08 103.62379741668701 1448.4970000078902
25.07 103.72265458106995 1468.5986881807282
25.07 103.82225942611694 1457.1880000076467
25.06 103.91804146766663 1475.618909099797
25.05 104.01774477958679 1486.8156881805571
25.05 104.11687183380127 1475.5930000075577
25.04 104.2126111984253 1494.3313119395855
25.04 104.31234979629517 1484.7810000076413