
0.0029954910278320312 32.06 30000
0.006979227066040039 32.06 30000
0.009970903396606445 32.06 30000
0.013077974319458008 32.06 30000
0.015956878662109375 32.06 30000
0.018947362899780273 32.1 30000
0.02194380760192871 32.1 30000
0.02493572235107422 32.1 30000
0.028311967849731445 32.1 30000
0.030920743942260742 32.1 30000
0.03690004348754883 32.1 30000
0.04003190994262695 32.14 30000
0.04288363456726074 32.14 30000
0.04587578773498535 32.14 30000
0.04887104034423828 32.14 30000
0.0528566837310791 32.14 30000
0.055849313735961914 32.14 30000
0.05884099006652832 32.18 30000
0.07039642333984375 32.18 30000
0.0727701187133789 32.18 30000
0.07638287544250488 32.18 30000
0.0793771743774414 32.22 30000
0.08340096473693848 32.22 30000
0.0855097770690918 32.22 30000
0.08755683898925781 32.22 30000
0.08934950828552246 32.22 30000
0.09174728393554688 32.22 30000
0.09408354759216309 32.22 30000
0.09605026245117188 32.27 30000
0.09904170036315918 32.27 30000
0.10203361511230469 32.27 30000
0.1040811538696289 32.27 30000
0.1062769889831543 32.27 30000
0.10812067985534668 32.27 30000
0.11245846748352051 32.27 30000
0.1140596866607666 32.27 30000
0.1170949935913086 32.31 30000
0.11949396133422852 32.31 30000
0.12204098701477051 32.31 30000
0.12407875061035156 32.31 30000
0.12608575820922852 32.31 30000
0.12907075881958008 32.31 30000
0.1310720443725586 32.31 30000
0.13405823707580566 32.31 30000
0.13605284690856934 32.35 30000
0.13904452323913574 32.35 30000
0.14107990264892578 32.35 30000
0.14502882957458496 32.35 30000
0.14802789688110352 32.35 30000
0.15101337432861328 32.35 30000
0.15428400039672852 32.35 30000
0.1572275161743164 32.39 30000
0.1612560749053955 32.39 30000
0.16415739059448242 32.39 30000
0.16712236404418945 32.39 30000
0.17011499404907227 32.39 30000
0.173109769821167 32.39 30000
0.17620253562927246 32.43 30000
0.17919278144836426 32.43 30000
0.18217921257019043 32.43 30000
0.18557310104370117 32.43 30000
0.18863272666931152 32.43 30000
0.1916038990020752 32.43 30000
0.19554448127746582 32.47 30000
0.19853782653808594 32.47 30000
0.20157790184020996 32.47 30000
0.20523285865783691 32.47 30000
0.2081289291381836 32.47 30000
0.2111210823059082 32.47 30000
0.2140030860900879 32.47 30000
0.21793460845947266 32.51 30000
0.2208859920501709 32.51 30000
0.23158049583435059 32.51 30000
0.23571205139160156 32.55 30000
0.23878192901611328 32.55 30000
0.24179363250732422 32.55 30000
0.2447681427001953 32.55 30000
0.2487642765045166 32.55 30000
0.2549316883087158 32.55 30000
0.2580389976501465 32.59 30000
0.26213502883911133 32.59 30000
0.26750707626342773 32.59 30000
0.2712371349334717 32.59 30000
0.274219274520874 32.63 30000
0.2772555351257324 32.63 30000
0.28058528900146484 32.63 30000
0.2832143306732178 32.63 30000
0.2863743305206299 32.63 30000
0.28917813301086426 32.63 30000
0.29227757453918457 32.63 30000
0.29485654830932617 32.67 30000
0.3001742362976074 32.67 30000
0.30283141136169434 32.67 30000
0.305828332901001 32.67 30000
0.308819055557251 32.67 30000
0.3122270107269287 32.67 30000
0.3160688877105713 32.71 30000
0.31977367401123047 32.71 30000
0.3230459690093994 32.71 30000
0.32716822624206543 32.71 30000
0.331190824508667 32.71 30000
0.3351454734802246 32.75 30000
0.3391389846801758 32.75 30000
0.34313035011291504 32.75 30000
0.3481118679046631 32.75 30000
0.3512547016143799 32.75 30000
0.35439133644104004 32.79 30000
0.35715651512145996 32.79 30000
0.3601524829864502 32.79 30000
0.3631410598754883 32.79 30000
0.36627912521362305 32.79 30000
0.3692305088043213 32.79 30000
0.3722403049468994 32.83 30000
0.3752126693725586 32.83 30000
0.37968945503234863 32.83 30000
0.3822362422943115 32.83 30000
0.38535618782043457 32.83 30000
0.3891921043395996 32.83 30000
0.3952066898345947 32.87 30000
0.3991506099700928 32.87 30000
0.40214061737060547 32.87 30000
0.4049835205078125 32.87 30000
0.40996813774108887 32.87 30000
0.4129641056060791 32.91 30000
0.41695284843444824 32.91 30000
0.42193603515625 32.91 30000
0.42627835273742676 32.91 30000
0.4292290210723877 32.91 30000
0.43321728706359863 32.95 30000
0.4364171028137207 32.95 30000
0.44142651557922363 32.95 30000
0.44588804244995117 32.95 30000
0.4488832950592041 32.95 30000
0.4518749713897705 32.99 30000
0.4562091827392578 32.99 30000
0.45923542976379395 32.99 30000
0.4623715877532959 32.99 30000
0.46518898010253906 32.99 30000
0.46849942207336426 32.99 30000
0.4722745418548584 33.03 2000
0.47607946395874023 33.03 2000
0.48019981384277344 33.03 2000
0.48406529426574707 33.03 2000
0.48804807662963867 33.03 2000
0.4910402297973633 33.07 2000
0.4940319061279297 33.07 2000
0.4970252513885498 33.07 2000
0.5005228519439697 33.07 2000
0.5043818950653076 33.07 2000
0.5073342323303223 33.07 2000
0.5113239288330078 33.11 2000
0.5143139362335205 33.11 2000
0.5202982425689697 33.11 2000
0.5232908725738525 33.11 2000
0.5262823104858398 33.11 2000
0.5312695503234863 33.15 2000
0.535581111907959 33.15 2000
0.538578987121582 33.15 2000
0.541583776473999 33.15 2000
0.5452320575714111 33.15 2000
0.5502190589904785 33.19 2000
0.5543422698974609 33.19 2000
0.557279109954834 33.19 2000
0.5602707862854004 33.19 2000
0.5651135444641113 33.19 2000
0.5690960884094238 33.24 2000
0.5721144676208496 33.24 2000
0.5750541687011719 33.24 2000
0.5820417404174805 33.24 2000
0.5850791931152344 33.24 2000
0.5880718231201172 33.28 2000
0.5910634994506836 33.28 2000
0.5941252708435059 33.28 2000
0.59712815284729 33.28 2000
0.6011171340942383 33.28 2000
0.6041097640991211 33.28 2000
0.6071000099182129 33.32 2000
0.6121087074279785 33.32 2000
0.6162459850311279 33.32 2000
0.6203010082244873 33.32 2000
0.6234917640686035 33.32 2000
0.6280052661895752 33.36 2000
0.6309969425201416 33.36 2000
0.6345186233520508 33.36 2000
0.6379790306091309 33.36 2000
0.6443979740142822 33.36 2000
0.6483509540557861 33.4 2000
0.651339054107666 33.4 2000
0.6543307304382324 33.4 2000
0.6593179702758789 33.4 2000
0.6623623371124268 33.4 2000
0.6650264263153076 33.4 2000
0.6689989566802979 33.44 2000
0.6743941307067871 33.44 2000
0.6773350238800049 33.44 2000
0.6803278923034668 33.44 2000
0.6833202838897705 33.44 2000
0.6873104572296143 33.48 2000
0.691300630569458 33.48 2000
0.695289134979248 33.48 2000
0.6993253231048584 33.48 2000
0.7034926414489746 33.48 2000
0.7070045471191406 33.52 2000
0.7109944820404053 33.52 2000
0.7139866352081299 33.52 2000
0.7179491519927979 33.52 2000
0.7219116687774658 33.52 2000
0.7249038219451904 33.52 2000
0.7284693717956543 33.56 2000
0.7308914661407471 33.56 2000
0.7338821887969971 33.56 2000
0.7379367351531982 33.56 2000
0.7408642768859863 33.56 2000
0.7439100742340088 33.56 2000
0.7468512058258057 33.6 2000
0.7508325576782227 33.6 2000
0.7540380954742432 33.6 2000
0.7579977512359619 33.6 2000
0.7610080242156982 33.6 2000
0.7649757862091064 33.6 2000
0.7689685821533203 33.64 2000
0.7719624042510986 33.64 2000
0.7749526500701904 33.64 2000
0.7790539264678955 33.64 2000
0.7854485511779785 33.64 2000
0.7894365787506104 33.68 2000
0.7934298515319824 33.68 2000
0.7978055477142334 33.68 2000
0.8015081882476807 33.68 2000
0.8041739463806152 33.68 2000
0.8073391914367676 33.72 2000
0.8120906352996826 33.72 2000
0.8160791397094727 33.72 2000
0.8190696239471436 33.72 2000
0.8224895000457764 33.72 2000
0.8250551223754883 33.76 2000
0.8280465602874756 33.76 2000
0.8310394287109375 33.76 2000
0.8350112438201904 33.76 2000
0.8390552997589111 33.76 2000
0.8419947624206543 33.76 2000
0.8475480079650879 33.8 2000
0.8515746593475342 33.8 2000
0.854907751083374 33.8 2000
0.857689619064331 33.8 2000
0.8626770973205566 33.8 2000
0.8667352199554443 33.84 2000
0.8689825534820557 33.84 2000
0.8717498779296875 33.84 2000
0.8747043609619141 33.84 2000
0.8787600994110107 33.84 2000
0.8819179534912109 33.84 2000
0.8849239349365234 33.88 2000
0.8899102210998535 33.88 2000
0.895127534866333 33.88 2000
0.8991272449493408 33.88 2000
0.9021055698394775 33.88 2000
0.9052579402923584 33.92 2000
0.9090876579284668 33.92 2000
0.9121236801147461 33.92 2000
0.9150493144989014 33.92 2000
0.9180397987365723 33.92 2000
0.9215092658996582 33.92 2000
0.9249782562255859 33.97 2000
0.9279303550720215 33.97 2000
0.9313366413116455 33.97 2000
0.933915376663208 33.97 2000
0.9379129409790039 33.97 2000
0.9408960342407227 33.97 2000
0.9438893795013428 34.01 2000
0.947878360748291 34.01 2000
0.9508717060089111 34.01 2000
0.9558560848236084 34.01 2000
0.9593572616577148 34.01 2000
0.961841344833374 34.01 2000
0.964836835861206 34.05 2000
0.9698491096496582 34.05 2000
0.9730205535888672 34.05 2000
0.9777965545654297 34.05 2000
0.980891227722168 34.05 2000
0.9874205589294434 34.09 2000
0.9914088249206543 34.09 2000
0.9954333305358887 34.09 2000
0.9983999729156494 34.09 2000
1.0023796558380127 34.13 2000
1.006413221359253 34.13 2000
1.0093612670898438 34.13 2000
1.0123529434204102 34.13 2000
1.0153467655181885 34.13 2000
1.0193383693695068 34.13 2000
1.0233244895935059 34.17 2000
1.0274429321289062 34.17 2000
1.0313804149627686 34.17 2000
1.035369634628296 34.17 2000
1.0384337902069092 34.17 2000
1.0414907932281494 34.22 2000
1.0444676876068115 34.22 2000
1.049339771270752 34.22 2000
1.052504062652588 34.22 2000
1.0548925399780273 34.22 2000
1.058960199356079 34.22 2000
1.0648672580718994 34.26 2000
1.06888747215271 34.26 2000
1.0718910694122314 34.26 2000
1.074843406677246 34.26 2000
1.0798845291137695 34.3 2000
1.0838189125061035 34.3 2000
1.0868072509765625 34.3 2000
1.0901908874511719 34.3 2000
1.093151330947876 34.3 2000
1.0977797508239746 34.3 2000
1.1009690761566162 34.34 2000
1.1052565574645996 34.34 2000
1.1090121269226074 34.34 2000
1.1120045185089111 34.34 2000
1.1149988174438477 34.34 2000
1.119009256362915 34.34 2000
1.1219780445098877 34.38 2000
1.127105951309204 34.38 2000
1.1310973167419434 34.38 2000
1.1350979804992676 34.38 2000
1.1400740146636963 34.38 2000
1.1430656909942627 34.42 2000
1.1464197635650635 34.42 2000
1.1494548320770264 34.42 2000
1.1524507999420166 34.42 2000
1.155348300933838 34.42 2000
1.1593375205993652 34.46 2000
1.1624360084533691 34.46 2000
1.1651735305786133 34.46 2000
1.1689529418945312 34.46 2000
1.174586296081543 34.46 2000
1.177586555480957 34.46 2000
1.181588888168335 34.5 2000
1.1840317249298096 34.5 2000
1.1869926452636719 34.5 2000
1.1904575824737549 34.5 2000
1.1948726177215576 34.5 2000
1.1978652477264404 34.54 2000
1.2018578052520752 34.54 2000
1.2059979438781738 34.54 2000
1.208949327468872 34.54 2000
1.2119877338409424 34.54 2000
1.2151446342468262 34.58 2000
1.2213435173034668 34.58 2000
1.2251672744750977 34.58 2000
1.2291710376739502 34.58 2000
1.233581304550171 34.58 2000
1.2380940914154053 34.62 2000
1.2420825958251953 34.62 2000
1.2451269626617432 34.62 2000
1.2490649223327637 34.62 2000
1.2520523071289062 34.62 2000
1.2550468444824219 34.66 2000
1.2590394020080566 34.66 2000
1.2620975971221924 34.66 2000
1.2667644023895264 34.66 2000
1.2699871063232422 34.66 2000
1.2729787826538086 34.66 2000
1.275970220565796 34.7 2000
1.2789654731750488 34.7 2000
1.282954216003418 34.7 2000
1.2869410514831543 34.7 2000
1.2899339199066162 34.7 2000
1.2929277420043945 34.7 2000
1.2979631423950195 34.74 2000
1.3010118007659912 34.74 2000
1.3039445877075195 34.74 2000
1.3069522380828857 34.74 2000
1.3099422454833984 34.74 2000
1.313506841659546 34.74 2000
1.3170289993286133 34.78 2000
1.3200135231018066 34.78 2000
1.3230476379394531 34.78 2000
1.3262848854064941 34.78 2000
1.3295130729675293 34.78 2000
1.3323206901550293 34.78 2000
1.3353550434112549 34.82 2000
1.3380863666534424 34.82 2000
1.3410797119140625 34.82 2000
1.34407377243042 34.82 2000
1.3470642566680908 34.82 2000
1.3500547409057617 34.82 2000
1.3530566692352295 34.86 2000
1.356186866760254 34.86 2000
1.3610336780548096 34.86 2000
1.3640167713165283 34.86 2000
1.367009162902832 34.86 2000
1.3704979419708252 34.86 2000
1.373396396636963 34.9 2000
1.375910997390747 34.9 2000
1.3790440559387207 34.9 2000
1.3820445537567139 34.9 2000
1.384941577911377 34.9 2000
1.3879337310791016 34.9 2000
1.3919224739074707 34.9 2000
1.3949518203735352 34.95 2000
1.3979272842407227 34.95 2000
1.4009006023406982 34.95 2000
1.4039969444274902 34.95 2000
1.408992052078247 34.95 2000
1.4122672080993652 34.95 2000
1.4149830341339111 34.99 2000
1.4189746379852295 34.99 2000
1.4241607189178467 34.99 2000
1.4271554946899414 34.99 2000
1.4301040172576904 34.99 2000
1.4339184761047363 35.03 2000
1.4378819465637207 35.03 2000
1.440873622894287 35.03 2000
1.4439587593078613 35.03 2000
1.4470198154449463 35.03 2000
1.4499523639678955 35.03 2000
1.4529635906219482 35.07 2000
1.4559335708618164 35.07 2000
1.458927869796753 35.07 2000
1.4619176387786865 35.07 2000
1.4649114608764648 35.07 2000
1.4679028987884521 35.07 2000
1.4718897342681885 35.11 2000
1.4750330448150635 35.11 2000
1.4778752326965332 35.11 2000
1.4808740615844727 35.11 2000
1.4838593006134033 35.11 2000
1.4868507385253906 35.11 2000
1.489842414855957 35.11 2000
1.492833137512207 35.15 2000
1.4963560104370117 35.15 2000
1.499354362487793 35.15 2000
1.503342866897583 35.15 2000
1.5063698291778564 35.15 2000
1.50931978225708 35.15 2000
1.5133097171783447 35.19 2000
1.5193359851837158 35.19 2000
1.5222887992858887 35.19 2000
1.5254020690917969 35.19 2000
1.5282690525054932 35.19 2000
1.5312657356262207 35.23 2000
1.5353925228118896 35.23 2000
1.5383837223052979 35.23 2000
1.541454553604126 35.23 2000
1.5443308353424072 35.23 2000
1.5472848415374756 35.23 2000
1.551306962966919 35.27 2000
1.5542583465576172 35.27 2000
1.5572502613067627 35.27 2000
1.5602450370788574 35.27 2000
1.5632672309875488 35.27 2000
1.5672788619995117 35.27 2000
1.5701289176940918 35.31 2000
1.5730724334716797 35.31 2000
1.576021671295166 35.31 2000
1.579106092453003 35.31 2000
1.5890862941741943 35.31 2000
1.5921189785003662 35.35 2000
1.595071792602539 35.35 2000
1.5980634689331055 35.35 2000
1.6010539531707764 35.35 2000
1.604046106338501 35.35 2000
1.6072971820831299 35.35 2000
1.6100356578826904 35.39 2000
1.61391282081604 35.39 2000
1.6178579330444336 35.39 2000
1.6208488941192627 35.39 2000
1.6239807605743408 35.39 2000
1.626948595046997 35.39 2000
1.6299383640289307 35.43 2000
1.6329309940338135 35.43 2000
1.6363046169281006 35.43 2000
1.6392455101013184 35.43 2000
1.6422176361083984 35.43 2000
1.6448891162872314 35.43 2000
1.647883415222168 35.43 2000
1.6508750915527344 35.47 2000
1.6543810367584229 35.47 2000
1.6574461460113525 35.47 2000
1.6613657474517822 35.47 2000
1.6653809547424316 35.47 2000
1.6682441234588623 35.47 2000
1.671163558959961 35.51 2000
1.6743452548980713 35.51 2000
1.677283525466919 35.51 2000
1.6802761554718018 35.51 2000
1.6841943264007568 35.51 2000
1.688140630722046 35.51 2000
1.6922063827514648 35.55 2000
1.6955089569091797 35.55 2000
1.6981065273284912 35.55 2000
1.701160192489624 35.55 2000
1.7041337490081787 35.55 2000
1.7071561813354492 35.55 2000
1.7100749015808105 35.6 2000
1.7131483554840088 35.6 2000
1.7160637378692627 35.6 2000
1.7190885543823242 35.6 2000
1.7230393886566162 35.6 2000
1.7262537479400635 35.6 2000
1.7292084693908691 35.64 2000
1.7322006225585938 35.64 2000
1.7350397109985352 35.64 2000
1.7379872798919678 35.64 2000
1.7410187721252441 35.64 2000
1.7440447807312012 35.64 2000
1.7480504512786865 35.64 2000
1.7509829998016357 35.68 2000
1.7539818286895752 35.68 2000
1.7569663524627686 35.68 2000
1.7601954936981201 35.68 2000
1.762953519821167 35.68 2000
1.7684502601623535 35.72 2000
1.7713806629180908 35.72 2000
1.7753722667694092 35.72 2000
1.779362440109253 35.72 2000
1.7841331958770752 35.72 2000
1.7880377769470215 35.72 2000
1.7920291423797607 35.76 2000
1.7951796054840088 35.76 2000
1.7990152835845947 35.76 2000
1.8022398948669434 35.76 2000
1.805394172668457 35.76 2000
1.8079860210418701 35.8 2000
1.8109769821166992 35.8 2000
1.8149659633636475 35.8 2000
1.8189551830291748 35.8 2000
1.8220202922821045 35.8 2000
1.8249406814575195 35.8 2000
1.8282670974731445 35.84 2000
1.8309252262115479 35.84 2000
1.8339409828186035 35.84 2000
1.8379077911376953 35.84 2000
1.8408982753753662 35.84 2000
1.843888759613037 35.84 2000
1.8562147617340088 35.88 2000
1.8592121601104736 35.88 2000
1.8631961345672607 35.88 2000
1.8672215938568115 35.88 2000
1.8702142238616943 35.92 2000
1.8733558654785156 35.92 2000
1.8762009143829346 35.92 2000
1.8791906833648682 35.92 2000
1.8822455406188965 35.92 2000
1.8853356838226318 35.92 2000
1.8881688117980957 35.96 2000
1.891157627105713 35.96 2000
1.895151138305664 35.96 2000
1.8991363048553467 35.96 2000
1.902299404144287 35.96 2000
1.9052975177764893 35.96 2000
1.9101076126098633 36.0 2000
1.9131016731262207 36.0 2000
1.9161319732666016 36.0 2000
1.919051170349121 36.0 2000
1.9221346378326416 36.0 2000
1.9251649379730225 36.04 2000
1.9281423091888428 36.04 2000
1.9310193061828613 36.04 2000
1.9342153072357178 36.04 2000
1.9372022151947021 36.04 2000
1.941192388534546 36.04 2000
1.9439101219177246 36.04 2000
1.9479138851165771 36.08 2000
1.949899435043335 36.08 2000
1.953908920288086 36.08 2000
1.9569106101989746 36.08 2000
1.960059642791748 36.08 2000
1.9640028476715088 36.12 2000
1.9669461250305176 36.12 2000
1.9720547199249268 36.12 2000
1.974884271621704 36.12 2000
1.9778766632080078 36.12 2000
1.98106050491333 36.12 2000
1.9851243495941162 36.16 2000
1.9881155490875244 36.16 2000
1.9911065101623535 36.16 2000
1.9941129684448242 36.16 2000
1.9971251487731934 36.16 2000
2.0000228881835938 36.16 2000
2.003016233444214 36.2 2000
2.0061628818511963 36.2 2000
2.0091583728790283 36.2 2000
2.012227773666382 36.2 2000
2.015141725540161 36.2 2000
2.0191307067871094 36.2 2000
2.0221734046936035 36.2 2000
2.0249412059783936 36.24 2000
2.0279455184936523 36.24 2000
2.0310680866241455 36.24 2000
2.034923791885376 36.24 2000
2.037914276123047 36.24 2000
2.041163682937622 36.24 2000
2.0439906120300293 36.28 2000
2.046956777572632 36.28 2000
2.04994797706604 36.28 2000
2.052942991256714 36.28 2000
2.0569570064544678 36.28 2000
2.059922456741333 36.28 2000
2.0649092197418213 36.32 2000
2.067889928817749 36.32 2000
2.0710296630859375 36.32 2000
2.0739364624023438 36.32 2000
2.0769031047821045 36.32 2000
2.080085515975952 36.32 2000
2.083065986633301 36.36 2000
2.086876153945923 36.36 2000
2.089869737625122 36.36 2000
2.0948543548583984 36.36 2000
2.098845958709717 36.36 2000
2.101882219314575 36.4 2000
2.104830026626587 36.4 2000
2.107818603515625 36.4 2000
2.110809803009033 36.4 2000
2.113805055618286 36.4 2000
2.116828203201294 36.4 2000
2.119786024093628 36.4 2000
2.1237761974334717 36.44 2000
2.1277682781219482 36.44 2000
2.1307554244995117 36.44 2000
2.137366771697998 36.44 2000
2.1413538455963135 36.44 2000
2.1444051265716553 36.48 2000
2.1474061012268066 36.48 2000
2.1503992080688477 36.48 2000
2.153390407562256 36.48 2000
2.158381462097168 36.48 2000
2.1614649295806885 36.52 2000
2.1643624305725098 36.52 2000
2.1672606468200684 36.52 2000
2.1732208728790283 36.52 2000
2.1769204139709473 36.52 2000
2.1806089878082275 36.57 2000
2.1843135356903076 36.57 2000
2.188303232192993 36.57 2000
2.191288709640503 36.57 2000
2.195246934890747 36.57 2000
2.1992385387420654 36.61 2000
2.2032246589660645 36.61 2000
2.206223249435425 36.61 2000
2.2092151641845703 36.61 2000
2.2121658325195312 36.61 2000
2.214911699295044 36.61 2000
2.218897581100464 36.65 2000
2.2218940258026123 36.65 2000
2.2250640392303467 36.65 2000
2.228041648864746 36.65 2000
2.231044292449951 36.65 2000
2.235124111175537 36.65 2000
2.238513708114624 36.69 2000
2.2410058975219727 36.69 2000
2.244044780731201 36.69 2000
2.247016668319702 36.69 2000
2.2500085830688477 36.69 2000
2.2530007362365723 36.69 2000
2.2559919357299805 36.69 2000
2.2589845657348633 36.73 2000
2.26198148727417 36.73 2000
2.265254497528076 36.73 2000
2.268066644668579 36.73 2000
2.2712273597717285 36.73 2000
2.2739882469177246 36.73 2000
2.2779877185821533 36.77 2000
2.2809455394744873 36.77 2000
2.2843518257141113 36.77 2000
2.286987781524658 36.77 2000
2.2899222373962402 36.77 2000
2.2929110527038574 36.77 2000
2.296902656555176 36.81 2000
2.2998924255371094 36.81 2000
2.302884340286255 36.81 2000
2.305980682373047 36.81 2000
2.3098700046539307 36.81 2000
2.3138582706451416 36.81 2000
2.3168492317199707 36.85 2000
2.320833921432495 36.85 2000
2.3238284587860107 36.85 2000
2.326820135116577 36.85 2000
2.3299267292022705 36.85 2000
2.332805871963501 36.85 2000
2.3359196186065674 36.89 2000
2.3387885093688965 36.89 2000
2.341782808303833 36.89 2000
2.344956874847412 36.89 2000
2.3479278087615967 36.89 2000
2.3511757850646973 36.89 2000
2.3539090156555176 36.89 2000
2.3579015731811523 36.93 2000
2.360889434814453 36.93 2000
2.3639862537384033 36.93 2000
2.3671250343322754 36.93 2000
2.370046615600586 36.93 2000
2.374452829360962 36.93 2000
2.3771016597747803 36.97 2000
2.3798351287841797 36.97 2000
2.3828275203704834 36.97 2000
2.38594651222229 36.97 2000
2.3899099826812744 36.97 2000
2.392800807952881 36.97 2000
2.3958284854888916 37.01 2000
2.39922833442688 37.01 2000
2.4017786979675293 37.01 2000
2.4059460163116455 37.01 2000
2.4087581634521484 37.01 2000
2.412748336791992 37.01 2000
2.4157392978668213 37.05 2000
2.420732259750366 37.05 2000
2.4244277477264404 37.05 2000
2.427372455596924 37.05 2000
2.430332899093628 37.05 2000
2.433394193649292 37.05 2000
2.436948299407959 37.09 2000
2.4399654865264893 37.09 2000
2.44289231300354 37.09 2000
2.446023941040039 37.09 2000
2.449871778488159 37.09 2000
2.452863931655884 37.09 2000
2.4558560848236084 37.13 2000
2.459048271179199 37.13 2000
2.4618406295776367 37.13 2000
2.465909719467163 37.13 2000
2.468848943710327 37.13 2000
2.471968412399292 37.13 2000
2.475245475769043 37.17 2000
2.4783403873443604 37.17 2000
2.481228828430176 37.17 2000
2.484221935272217 37.17 2000
2.4872140884399414 37.17 2000
2.4909379482269287 37.17 2000
2.494074821472168 37.17 2000
2.498988389968872 37.21 2000
2.5019614696502686 37.21 2000
2.50521183013916 37.21 2000
2.507944107055664 37.21 2000
2.5109426975250244 37.21 2000
2.513927698135376 37.25 2000
2.5179178714752197 37.25 2000
2.521909475326538 37.25 2000
2.5249011516571045 37.25 2000
2.529886484146118 37.25 2000
2.53287935256958 37.25 2000
2.5362119674682617 37.29 2000
2.539224624633789 37.29 2000
2.5420925617218018 37.29 2000
2.545201063156128 37.29 2000
2.5481932163238525 37.29 2000
2.551185369491577 37.29 2000
2.5539255142211914 37.33 2000
2.557100772857666 37.33 2000
2.560882329940796 37.33 2000
2.563873767852783 37.33 2000
2.566865921020508 37.33 2000
2.570667266845703 37.33 2000
2.572705030441284 37.37 2000
2.5776472091674805 37.37 2000
2.5796828269958496 37.37 2000
2.58284068107605 37.37 2000
2.587334156036377 37.37 2000
2.590332508087158 37.37 2000
2.593379020690918 37.41 2000
2.595888614654541 37.41 2000
2.5998809337615967 37.41 2000
2.60398268699646 37.41 2000
2.6079843044281006 37.41 2000
2.610970973968506 37.41 2000
2.6143696308135986 37.45 2000
2.617568016052246 37.45 2000
2.6202943325042725 37.45 2000
2.6239500045776367 37.45 2000
2.626997709274292 37.45 2000
2.6299495697021484 37.45 2000
2.6340394020080566 37.49 2000
2.6369850635528564 37.49 2000
2.6399760246276855 37.49 2000
2.6429710388183594 37.49 2000
2.646963596343994 37.49 2000
2.6499929428100586 37.49 2000
2.6529412269592285 37.53 2000
2.655935525894165 37.53 2000
2.658928394317627 37.53 2000
2.662381410598755 37.53 2000
2.664909601211548 37.53 2000
2.667903184890747 37.53 2000
2.6708984375 37.53 2000
2.673945188522339 37.57 2000
2.6772756576538086 37.57 2000
2.6798934936523438 37.57 2000
2.682884693145752 37.57 2000
2.6868767738342285 37.57 2000
2.689866781234741 37.57 2000
2.6928582191467285 37.61 2000
2.695934534072876 37.61 2000
2.698928117752075 37.61 2000
2.702918291091919 37.61 2000
2.7060558795928955 37.61 2000
2.7098982334136963 37.61 2000
2.712890625 37.65 2000
2.7160794734954834 37.65 2000
2.7198853492736816 37.65 2000
2.722865581512451 37.65 2000
2.725896120071411 37.65 2000
2.728846549987793 37.65 2000
2.7318389415740967 37.69 2000
2.7349729537963867 37.69 2000
2.737957715988159 37.69 2000
2.741814374923706 37.69 2000
2.743809461593628 37.69 2000
2.74680233001709 37.69 2000
2.7507882118225098 37.69 2000
2.7550649642944336 37.73 2000
2.758040428161621 37.73 2000
2.761033773422241 37.73 2000
2.763899326324463 37.73 2000
2.766895055770874 37.73 2000
2.769928455352783 37.73 2000
2.7740583419799805 37.77 2000
2.7769689559936523 37.77 2000
2.7799582481384277 37.77 2000
2.7829670906066895 37.77 2000
2.7859418392181396 37.77 2000
2.7889351844787598 37.77 2000
2.791926860809326 37.81 2000
2.796006917953491 37.81 2000
2.799501419067383 37.81 2000
2.80210280418396 37.81 2000
2.8049826622009277 37.81 2000
2.8081023693084717 37.81 2000
2.8124306201934814 37.85 2000
2.8151848316192627 37.85 2000
2.8179516792297363 37.85 2000
2.820995330810547 37.85 2000
2.8239355087280273 37.85 2000
2.828510046005249 37.85 2000
2.830955743789673 37.89 2000
2.8339076042175293 37.89 2000
2.8372299671173096 37.89 2000
2.8398895263671875 37.89 2000
2.8428847789764404 37.89 2000
2.845876455307007 37.89 2000
2.8488667011260986 37.93 2000
2.852855682373047 37.93 2000
2.8558523654937744 37.93 2000
2.859020471572876 37.93 2000
2.861830949783325 37.93 2000
2.8648593425750732 37.93 2000
2.8678150177001953 37.93 2000
2.870816946029663 37.96 2000
2.8761379718780518 37.96 2000
2.879119873046875 37.96 2000
2.8821051120758057 37.96 2000
2.885094165802002 37.96 2000
2.889085054397583 38.0 2000
2.892117500305176 38.0 2000
2.895066738128662 38.0 2000
2.8980655670166016 38.0 2000
2.9010508060455322 38.0 2000
2.905183792114258 38.0 2000
2.908172845840454 38.04 2000
2.9112250804901123 38.04 2000
2.9141578674316406 38.04 2000
2.917151927947998 38.04 2000
2.9211843013763428 38.04 2000
2.923992156982422 38.04 2000
2.929060935974121 38.04 2000
2.93194580078125 38.08 2000
2.937034845352173 38.08 2000
2.939971446990967 38.08 2000
2.9432106018066406 38.08 2000
2.9458870887756348 38.08 2000
2.949835777282715 38.12 2000
2.953000783920288 38.12 2000
2.956024646759033 38.12 2000
2.9590134620666504 38.12 2000
2.9620046615600586 38.12 2000
2.965999126434326 38.12 2000
2.968989133834839 38.16 2000
2.9719815254211426 38.16 2000
2.9749693870544434 38.16 2000
2.977965831756592 38.16 2000
2.9829509258270264 38.16 2000
2.986328601837158 38.16 2000
2.989381790161133 38.19 2000
2.9922738075256348 38.19 2000
2.998257875442505 38.19 2000
3.0012497901916504 38.19 2000
3.0039749145507812 38.19 2000
3.0071065425872803 38.23 2000
3.009946584701538 38.23 2000
3.012935161590576 38.23 2000
3.0159263610839844 38.23 2000
3.01891827583313 38.23 2000
3.021960496902466 38.23 2000
3.0249099731445312 38.23 2000
3.028899669647217 38.26 2000
3.0321524143218994 38.26 2000
3.0349819660186768 38.26 2000
3.0379602909088135 38.26 2000
3.0408589839935303 38.26 2000
3.043850898742676 38.26 2000
3.0469160079956055 38.3 2000
3.049835443496704 38.3 2000
3.0528271198272705 38.3 2000
3.0558531284332275 38.3 2000
3.060807466506958 38.3 2000
3.063920259475708 38.3 2000
3.0688657760620117 38.34 2000
3.071861743927002 38.34 2000
3.075950860977173 38.34 2000
3.078944683074951 38.34 2000
3.082118034362793 38.34 2000
3.084970235824585 38.37 2000
3.0879225730895996 38.37 2000
3.0911965370178223 38.37 2000
3.093862771987915 38.37 2000
3.0968058109283447 38.37 2000
3.100796937942505 38.37 2000
3.104332208633423 38.37 2000
3.1073410511016846 38.41 2000
3.110292434692383 38.41 2000
3.1132845878601074 38.41 2000
3.116281270980835 38.41 2000
3.119274616241455 38.41 2000
3.1222596168518066 38.41 2000
3.125281572341919 38.44 2000
3.128246784210205 38.44 2000
3.131239175796509 38.44 2000
3.135141372680664 38.44 2000
3.1383771896362305 38.44 2000
3.1411638259887695 38.44 2000
3.1440536975860596 38.48 2000
3.1469736099243164 38.48 2000
3.1509642601013184 38.48 2000
3.1539552211761475 38.48 2000
3.1569461822509766 38.48 2000
3.1599416732788086 38.48 2000
3.1630702018737793 38.48 2000
3.1680095195770264 38.51 2000
3.171382188796997 38.51 2000
3.1743853092193604 38.51 2000
3.1774072647094727 38.51 2000
3.181358814239502 38.51 2000
3.184347629547119 38.55 2000
3.1874186992645264 38.55 2000
3.1903340816497803 38.55 2000
3.1943235397338867 38.55 2000
3.1983113288879395 38.55 2000
3.2013957500457764 38.55 2000
3.2042958736419678 38.58 2000
3.207360029220581 38.58 2000
3.210257053375244 38.58 2000
3.2142574787139893 38.58 2000
3.217258930206299 38.58 2000
3.2202095985412598 38.58 2000
3.2232046127319336 38.61 2000
3.226194381713867 38.61 2000
3.229186534881592 38.61 2000
3.2321784496307373 38.61 2000
3.2347381114959717 38.61 2000
3.238262176513672 38.61 2000
3.2408130168914795 38.61 2000
3.2449357509613037 38.64 2000
3.2479279041290283 38.64 2000
3.2509188652038574 38.64 2000
3.2569050788879395 38.64 2000
3.2600319385528564 38.64 2000
3.2628936767578125 38.68 2000
3.266988515853882 38.68 2000
3.270047664642334 38.68 2000
3.2731359004974365 38.68 2000
3.276031970977783 38.68 2000
3.2790238857269287 38.68 2000
3.2820160388946533 38.71 2000
3.2850089073181152 38.71 2000
3.288001298904419 38.71 2000
3.2909915447235107 38.71 2000
3.2942023277282715 38.71 2000
3.298053503036499 38.71 2000
3.30104923248291 38.71 2000
3.3043577671051025 38.74 2000
3.3073208332061768 38.74 2000
3.310283660888672 38.74 2000
3.313316583633423 38.74 2000
3.316434621810913 38.74 2000
3.319565773010254 38.74 2000
3.3223893642425537 38.77 2000
3.3254234790802 38.77 2000
3.329374313354492 38.77 2000
3.333364486694336 38.77 2000
3.3374111652374268 38.77 2000
3.340367555618286 38.77 2000
3.3433775901794434 38.8 2000
3.3458940982818604 38.8 2000
3.3488855361938477 38.8 2000
3.353990316390991 38.8 2000
3.357008934020996 38.8 2000
3.3609139919281006 38.8 2000
3.363941192626953 38.83 2000
3.3679630756378174 38.83 2000
3.3709702491760254 38.83 2000
3.374023199081421 38.83 2000
3.376960039138794 38.83 2000
3.3799872398376465 38.83 2000
3.382943868637085 38.86 2000
3.3859775066375732 38.86 2000
3.3889687061309814 38.86 2000
3.391923427581787 38.86 2000
3.394909620285034 38.86 2000
3.3979642391204834 38.86 2000
3.4009389877319336 38.89 2000
3.404031991958618 38.89 2000
3.4070229530334473 38.89 2000
3.410367727279663 38.89 2000
3.413006544113159 38.89 2000
3.4170289039611816 38.89 2000
3.419984817504883 38.89 2000
3.4229772090911865 38.92 2000
3.42598295211792 38.92 2000
3.428959846496582 38.92 2000
3.431955099105835 38.92 2000
3.4349472522735596 38.92 2000
3.437939405441284 38.92 2000
3.4409773349761963 38.95 2000
3.444392681121826 38.95 2000
3.4493026733398438 38.95 2000
3.452233076095581 38.95 2000
3.4552247524261475 38.95 2000
3.458216667175293 38.95 2000
3.4612114429473877 38.98 2000
3.464254379272461 38.98 2000
3.467294931411743 38.98 2000
3.470410108566284 38.98 2000
3.473536729812622 38.98 2000
3.476055145263672 38.98 2000
3.479083299636841 38.98 2000
3.4821207523345947 39.0 2000
3.4851040840148926 39.0 2000
3.4881014823913574 39.0 2000
3.491119623184204 39.0 2000
3.4950714111328125 39.0 2000
3.4990599155426025 39.0 2000
3.5020511150360107 39.03 2000
3.5051538944244385 39.03 2000
3.5104808807373047 39.03 2000
3.5129244327545166 39.03 2000
3.5158936977386475 39.03 2000
3.5191826820373535 39.06 2000
3.5218799114227295 39.06 2000
3.526148796081543 39.06 2000
3.5291006565093994 39.06 2000
3.5320944786071777 39.06 2000
3.535085439682007 39.06 2000
3.5380778312683105 39.06 2000
3.5410680770874023 39.08 2000
3.5441370010375977 39.08 2000
3.547135591506958 39.08 2000
3.5501298904418945 39.08 2000
3.5532374382019043 39.08 2000
3.558105945587158 39.08 2000
3.561328887939453 39.11 2000
3.5641024112701416 39.11 2000
3.5670814514160156 39.11 2000
3.570112466812134 39.11 2000
3.5740387439727783 39.11 2000
3.5769999027252197 39.11 2000
3.5799896717071533 39.13 2000
3.582996129989624 39.13 2000
3.586972713470459 39.13 2000
3.589970350265503 39.13 2000
3.5929558277130127 39.13 2000
3.596038341522217 39.13 2000
3.5990307331085205 39.16 2000
3.602224111557007 39.16 2000
3.6047680377960205 39.16 2000
3.6084868907928467 39.16 2000
3.6114768981933594 39.16 2000
3.6144731044769287 39.16 2000
3.617462635040283 39.16 2000
3.6204583644866943 39.18 2000
3.623445510864258 39.18 2000
3.6275129318237305 39.18 2000
3.630505084991455 39.18 2000
3.6334965229034424 39.18 2000
3.6364903450012207 39.18 2000
3.639481782913208 39.21 2000
3.6426172256469727 39.21 2000
3.645221471786499 39.21 2000
3.6482126712799072 39.21 2000
3.651207447052002 39.21 2000
3.6544318199157715 39.21 2000
3.6584267616271973 39.23 2000
3.661345958709717 39.23 2000
3.664341926574707 39.23 2000
3.671318531036377 39.23 2000
3.675312042236328 39.23 2000
3.679298162460327 39.25 2000
3.6822900772094727 39.25 2000
3.6853044033050537 39.25 2000
3.6882739067077637 39.25 2000
3.6912670135498047 39.25 2000
3.6953818798065186 39.25 2000
3.698575496673584 39.28 2000
3.7012457847595215 39.28 2000
3.704272747039795 39.28 2000
3.7072231769561768 39.28 2000
3.710254669189453 39.28 2000
3.713210105895996 39.28 2000
3.7162024974823 39.3 2000
3.7191944122314453 39.3 2000
3.7222115993499756 39.3 2000
3.7251760959625244 39.3 2000
3.7282233238220215 39.3 2000
3.7313413619995117 39.3 2000
3.733874559402466 39.3 2000
3.737004280090332 39.32 2000
3.739879608154297 39.32 2000
3.7428855895996094 39.32 2000
3.7463104724884033 39.32 2000
3.749821901321411 39.32 2000
3.7538061141967773 39.32 2000
3.7594258785247803 39.34 2000
3.763416290283203 39.34 2000
3.7664458751678467 39.34 2000
3.7694385051727295 39.34 2000
3.7745535373687744 39.36 2000
3.7775535583496094 39.36 2000
3.7805826663970947 39.36 2000
3.783609628677368 39.36 2000
3.786130905151367 39.36 2000
3.789158344268799 39.36 2000
3.7922792434692383 39.36 2000
3.795377254486084 39.38 2000
3.798107862472534 39.38 2000
3.8011293411254883 39.38 2000
3.8050577640533447 39.38 2000
3.808087110519409 39.38 2000
3.8110790252685547 39.38 2000
3.8140335083007812 39.4 2000
3.8180654048919678 39.4 2000
3.821014881134033 39.4 2000
3.8240103721618652 39.4 2000
3.8270297050476074 39.4 2000
3.82997989654541 39.4 2000
3.8329718112945557 39.42 2000
3.837052822113037 39.42 2000
3.84004545211792 39.42 2000
3.843029499053955 39.42 2000
3.846219778060913 39.42 2000
3.8492112159729004 39.42 2000
3.853200674057007 39.44 2000
3.8562331199645996 39.44 2000
3.8591861724853516 39.44 2000
3.862175703048706 39.44 2000
3.865476608276367 39.44 2000
3.868328094482422 39.44 2000
3.871145009994507 39.44 2000
3.8740792274475098 39.46 2000
3.8771097660064697 39.46 2000
3.8800621032714844 39.46 2000
3.8830502033233643 39.46 2000
3.8862946033477783 39.46 2000
3.8892858028411865 39.46 2000
3.892422914505005 39.48 2000
3.8954403400421143 39.48 2000
3.8992676734924316 39.48 2000
3.9032492637634277 39.48 2000
3.907043695449829 39.48 2000
3.910806894302368 39.48 2000
3.9139106273651123 39.5 2000
3.9175164699554443 39.5 2000
3.919879198074341 39.5 2000
3.9234726428985596 39.5 2000
3.925985813140869 39.5 2000
3.9289796352386475 39.5 2000
3.9322197437286377 39.52 2000
3.935206890106201 39.52 2000
3.93819260597229 39.52 2000
3.941192388534546 39.52 2000
3.944176435470581 39.52 2000
3.9471685886383057 39.52 2000
3.950162172317505 39.52 2000
3.953155994415283 39.53 2000
3.9561848640441895 39.53 2000
3.9611318111419678 39.53 2000
3.9641361236572266 39.53 2000
3.9681763648986816 39.53 2000
3.9711477756500244 39.55 2000
3.9741783142089844 39.55 2000
3.977217197418213 39.55 2000
3.9801676273345947 39.55 2000
3.983159303665161 39.55 2000
3.986605644226074 39.55 2000
3.9924094676971436 39.57 2000
3.99540114402771 39.57 2000
3.9983928203582764 39.57 2000
4.001408100128174 39.57 2000
4.004376649856567 39.57 2000
4.008374929428101 39.57 2000
4.012362480163574 39.58 2000
4.015188932418823 39.58 2000
4.018083095550537 39.58 2000
4.02107048034668 39.58 2000
4.024109363555908 39.58 2000
4.027100086212158 39.58 2000
4.030046463012695 39.58 2000
4.033059358596802 39.6 2000
4.036091566085815 39.6 2000
4.040022134780884 39.6 2000
4.0434582233428955 39.6 2000
4.046014070510864 39.6 2000
4.0493879318237305 39.6 2000
4.0529985427856445 39.62 2000
4.056336164474487 39.62 2000
4.059290885925293 39.62 2000
4.062284708023071 39.62 2000
4.065272331237793 39.62 2000
4.068264961242676 39.62 2000
4.0714027881622314 39.63 2000
4.073934316635132 39.63 2000
4.076935052871704 39.63 2000
4.079930782318115 39.63 2000
4.082964181900024 39.63 2000
4.086907625198364 39.63 2000
4.09085488319397 39.63 2000
4.094330310821533 39.65 2000
4.098273038864136 39.65 2000
4.102257251739502 39.65 2000
4.105297803878784 39.65 2000
4.108244180679321 39.65 2000
4.1112329959869385 39.66 2000
4.114260911941528 39.66 2000
4.118145942687988 39.66 2000
4.121602773666382 39.66 2000
4.124000787734985 39.66 2000
4.126977443695068 39.66 2000
4.1299707889556885 39.68 2000
4.133964776992798 39.68 2000
4.137001991271973 39.68 2000
4.139945030212402 39.68 2000
4.143101692199707 39.68 2000
4.146147012710571 39.68 2000
4.150914430618286 39.69 2000
4.15516471862793 39.69 2000
4.158154249191284 39.69 2000
4.16114616394043 39.69 2000
4.165135145187378 39.69 2000
4.168165683746338 39.71 2000
4.171162843704224 39.71 2000
4.174113750457764 39.71 2000
4.177103519439697 39.71 2000
4.180097818374634 39.71 2000
4.183085680007935 39.71 2000
4.186172008514404 39.71 2000
4.189191818237305 39.72 2000
4.192207336425781 39.72 2000
4.195956707000732 39.72 2000
4.199080228805542 39.72 2000
4.20193886756897 39.72 2000
4.204964637756348 39.72 2000
4.207954168319702 39.73 2000
4.211944341659546 39.73 2000
4.2149341106414795 39.73 2000
4.2179834842681885 39.73 2000
4.220917224884033 39.73 2000
4.223910808563232 39.73 2000
4.22683572769165 39.73 2000
4.22967004776001 39.75 2000
4.233235597610474 39.75 2000
4.23565411567688 39.75 2000
4.238786935806274 39.75 2000
4.241990089416504 39.75 2000
4.244951963424683 39.75 2000
4.248061656951904 39.76 2000
4.251127004623413 39.76 2000
4.253896713256836 39.76 2000
4.256887197494507 39.76 2000
4.260878801345825 39.76 2000
4.264031410217285 39.76 2000
4.267082691192627 39.76 2000
4.270010471343994 39.77 2000
4.27300500869751 39.77 2000
4.277114629745483 39.77 2000
4.2801008224487305 39.77 2000
4.2830891609191895 39.77 2000
4.286083936691284 39.77 2000
4.289072513580322 39.78 2000
4.292067527770996 39.78 2000
4.295057058334351 39.78 2000
4.298051834106445 39.78 2000
4.3010454177856445 39.78 2000
4.315082311630249 39.8 2000
4.317917823791504 39.8 2000
4.320995330810547 39.8 2000
4.323925971984863 39.8 2000
4.32705020904541 39.81 2000
4.329919338226318 39.81 2000
4.332869291305542 39.81 2000
4.335865259170532 39.81 2000
4.33885383605957 39.81 2000
4.341849088668823 39.81 2000
4.345029592514038 39.81 2000
4.348017692565918 39.82 2000
4.353133678436279 39.82 2000
4.356993198394775 39.82 2000
4.360161542892456 39.82 2000
4.362980842590332 39.82 2000
4.366966247558594 39.83 2000
4.370034694671631 39.83 2000
4.373002529144287 39.83 2000
4.37712025642395 39.83 2000
4.379959583282471 39.83 2000
4.385159730911255 39.83 2000
4.388146638870239 39.84 2000
4.39113974571228 39.84 2000
4.394091606140137 39.84 2000
4.398050308227539 39.84 2000
4.401045799255371 39.84 2000
4.404036283493042 39.84 2000
4.407029867172241 39.85 2000
4.411013126373291 39.85 2000
4.415075778961182 39.85 2000
4.420065879821777 39.85 2000
4.423056364059448 39.85 2000
4.428039312362671 39.86 2000
4.431034803390503 39.86 2000
4.433908700942993 39.86 2000
4.436871528625488 39.86 2000
4.440866231918335 39.86 2000
4.444340705871582 39.86 2000
4.447264194488525 39.87 2000
4.450260877609253 39.87 2000
4.453248739242554 39.87 2000
4.455739736557007 39.87 2000
4.4588234424591064 39.87 2000
4.461717128753662 39.87 2000
4.464871644973755 39.87 2000
4.467829465866089 39.88 2000
4.470824480056763 39.88 2000
4.474776983261108 39.88 2000
4.477956056594849 39.88 2000
4.48084282875061 39.88 2000
4.484050512313843 39.88 2000
4.486982345581055 39.89 2000
4.4910337924957275 39.89 2000
4.493920087814331 39.89 2000
4.497904300689697 39.89 2000
4.50111198425293 39.89 2000
4.5040082931518555 39.89 2000
4.508002996444702 39.9 2000
4.511050224304199 39.9 2000
4.5151214599609375 39.9 2000
4.5179736614227295 39.9 2000
4.521964073181152 39.9 2000
4.525991201400757 39.91 2000
4.52894401550293 39.91 2000
4.532504320144653 39.91 2000
4.53493070602417 39.91 2000
4.538827657699585 39.91 2000
4.540822982788086 39.91 2000
4.543844699859619 39.91 2000
4.5468103885650635 39.92 2000
4.550265073776245 39.92 2000
4.552795886993408 39.92 2000
4.557077884674072 39.92 2000
4.560075283050537 39.92 2000
4.563098192214966 39.92 2000
4.5670506954193115 39.93 2000
4.571253299713135 39.93 2000
4.574360370635986 39.93 2000
4.578296661376953 39.93 2000
4.5822906494140625 39.93 2000
4.585277318954468 39.94 2000
4.589268922805786 39.94 2000
4.592368125915527 39.94 2000
4.59506630897522 39.94 2000
4.598062992095947 39.94 2000
4.601050853729248 39.94 2000
4.604143142700195 39.95 2000
4.607591390609741 39.95 2000
4.610109090805054 39.95 2000
4.613093852996826 39.95 2000
4.616205215454102 39.95 2000
4.619351625442505 39.95 2000
4.62218976020813 39.95 2000
4.625182628631592 39.95 2000
4.628167390823364 39.95 2000
4.631202459335327 39.95 2000
4.635150194168091 39.95 2000
4.638483285903931 39.95 2000
4.641137361526489 39.95 2000
4.644249200820923 39.96 2000
4.647456884384155 39.96 2000
4.651230812072754 39.96 2000
4.654168605804443 39.96 2000
4.65707540512085 39.96 2000
4.661071300506592 39.96 2000
4.666059732437134 39.97 2000
4.6700475215911865 39.97 2000
4.673039436340332 39.97 2000
4.676138162612915 39.97 2000
4.679128170013428 39.97 2000
4.682445526123047 39.97 2000
4.685080051422119 39.98 2000
4.688068866729736 39.98 2000
4.69106125831604 39.98 2000
4.694055557250977 39.98 2000
4.697048664093018 39.98 2000
4.700036525726318 39.98 2000
4.703027248382568 39.98 2000
4.706299781799316 39.98 2000
4.7090163230896 39.98 2000
4.712117671966553 39.98 2000
4.714995384216309 39.98 2000
4.718403577804565 39.98 2000
4.720983505249023 39.98 2000
4.724286079406738 39.99 2000
4.728250503540039 39.99 2000
4.731245279312134 39.99 2000
4.73403000831604 39.99 2000
4.7370383739471436 39.99 2000
4.739983320236206 39.99 2000
4.743078231811523 40.0 2000
4.745965480804443 40.0 2000
4.748958110809326 40.0 2000
4.752005577087402 40.0 2000
4.754919052124023 40.0 2000
4.758909702301025 40.0 2000
4.761901617050171 40.0 2000
4.765021800994873 40.0 2000
4.7700090408325195 40.0 2000
4.772999048233032 40.0 2000
4.77599310874939 40.0 2000
4.779067277908325 40.0 2000
4.782179832458496 40.0 2000
4.785969257354736 40.01 2000
4.789060831069946 40.01 2000
4.7919511795043945 40.01 2000
4.794945955276489 40.01 2000
4.797934293746948 40.01 2000
4.800926923751831 40.01 2000
4.804035425186157 40.02 2000
4.807443141937256 40.02 2000
4.809987545013428 40.02 2000
4.812999248504639 40.02 2000
4.81596827507019 40.02 2000
4.8189873695373535 40.02 2000
4.822951793670654 40.02 2000
4.826367616653442 40.02 2000
4.829326152801514 40.02 2000
4.83231520652771 40.02 2000
4.836483955383301 40.02 2000
4.839440107345581 40.02 2000
4.842432737350464 40.03 2000
4.845418930053711 40.03 2000
4.849410057067871 40.03 2000
4.854040622711182 40.03 2000
4.856976270675659 40.03 2000
4.860966920852661 40.03 2000
4.8639607429504395 40.03 2000
4.867951393127441 40.03 2000
4.870195150375366 40.03 2000
4.8729565143585205 40.03 2000
4.875927209854126 40.03 2000
4.878917932510376 40.03 2000
4.882241487503052 40.04 2000
4.885896921157837 40.04 2000
4.888062953948975 40.04 2000
4.891888380050659 40.04 2000
4.8958752155303955 40.04 2000
4.9003307819366455 40.04 2000
4.902908086776733 40.04 2000
4.906013011932373 40.04 2000
4.909883260726929 40.04 2000
4.912867307662964 40.04 2000
4.916165828704834 40.04 2000
4.919160604476929 40.04 2000
4.9221532344818115 40.05 2000
4.92514967918396 40.05 2000
4.928136825561523 40.05 2000
4.9311299324035645 40.05 2000
4.934084892272949 40.05 2000
4.93715763092041 40.05 2000
4.940038681030273 40.05 2000
4.944022178649902 40.05 2000
4.947206020355225 40.05 2000
4.950008153915405 40.05 2000
4.953003883361816 40.05 2000
4.956048250198364 40.05 2000
4.960021495819092 40.05 2000
4.963011026382446 40.06 2000
4.9670023918151855 40.06 2000
4.9709882736206055 40.06 2000
4.9740989208221436 40.06 2000
4.980064868927002 40.06 2000
4.983056545257568 40.06 2000
4.986105442047119 40.06 2000
4.989034652709961 40.06 2000
4.992033004760742 40.06 2000
4.995027303695679 40.06 2000
4.998016119003296 40.07 2000
5.001005411148071 40.07 2000
5.004181385040283 40.07 2000