
0.00399017333984375 37.48 2000
0.008142709732055664 37.48 2000
0.011246919631958008 37.48 2000
0.014163970947265625 37.48 2000
0.020157337188720703 37.48 2000
0.024096012115478516 37.48 2000
0.027739524841308594 37.48 2000
0.031235456466674805 37.48 2000
0.03551626205444336 37.48 2000
0.03890514373779297 37.48 2000
0.04180169105529785 37.47 2000
0.04574942588806152 37.47 2000
0.04973435401916504 37.47 2000
0.0527653694152832 37.47 2000
0.05587506294250488 37.47 2000
0.05970573425292969 37.47 2000
0.06270146369934082 37.47 2000
0.06617593765258789 37.47 2000
0.06974291801452637 37.47 2000
0.08112359046936035 37.47 2000
0.08382248878479004 37.47 2000
0.08718037605285645 37.47 2000
0.09016990661621094 37.47 2000
0.09316325187683105 37.47 2000
0.09637880325317383 37.47 2000
0.1002800464630127 37.47 2000
0.1032712459564209 37.47 2000
0.10648965835571289 37.47 2000
0.1084442138671875 37.47 2000
0.11247372627258301 37.47 2000
0.11447477340698242 37.47 2000
0.11767292022705078 37.46 2000
0.12047219276428223 37.46 2000
0.1234445571899414 37.46 2000
0.1274561882019043 37.46 2000
0.13051438331604004 37.46 2000
0.1334247589111328 37.46 2000
0.13642168045043945 37.46 2000
0.14035415649414062 37.46 2000
0.1433579921722412 37.46 2000
0.14600896835327148 37.46 2000
0.14894986152648926 37.46 2000
0.1519782543182373 37.46 2000
0.15493226051330566 37.46 2000
0.15931200981140137 37.46 2000
0.16126036643981934 37.46 2000
0.16525864601135254 37.46 2000
0.16818022727966309 37.46 2000
0.17130088806152344 37.46 2000
0.17417216300964355 37.46 2000
0.17820262908935547 37.45 2000
0.1811988353729248 37.45 2000
0.18419599533081055 37.45 2000
0.1871337890625 37.45 2000
0.19112730026245117 37.45 2000
0.1951155662536621 37.45 2000
0.1991417407989502 37.45 2000
0.20209026336669922 37.45 2000
0.2073535919189453 37.45 2000
0.2113819122314453 37.45 2000
0.21502685546875 37.45 2000
0.22027087211608887 37.45 2000
0.2229599952697754 37.45 2000
0.22606897354125977 37.45 2000
0.22894668579101562 37.45 2000
0.2320694923400879 37.45 2000
0.23691701889038086 37.45 2000
0.2409505844116211 37.44 2000
0.24394750595092773 37.44 2000
0.24634385108947754 37.44 2000
0.25223231315612793 37.44 2000
0.2552359104156494 37.44 2000
0.2592124938964844 37.44 2000
0.26222729682922363 37.44 2000
0.26513147354125977 37.44 2000
0.2680940628051758 37.44 2000
0.27112722396850586 37.44 2000
0.2743821144104004 37.44 2000
0.2769591808319092 37.44 2000
0.2799370288848877 37.44 2000
0.28385257720947266 37.44 2000
0.28783226013183594 37.44 2000
0.29087209701538086 37.44 2000
0.29381704330444336 37.44 2000
0.2988011837005615 37.43 2000
0.3028295040130615 37.43 2000
0.3058810234069824 37.43 2000
0.30981016159057617 37.43 2000
0.31384992599487305 37.43 2000
0.3188462257385254 37.43 2000
0.32173752784729004 37.43 2000
0.3247344493865967 37.43 2000
0.3297264575958252 37.43 2000
0.33271050453186035 37.43 2000
0.33570361137390137 37.43 2000
0.339801549911499 37.43 2000
0.3451814651489258 37.43 2000
0.34912753105163574 37.43 2000
0.3521537780761719 37.43 2000
0.3551797866821289 37.42 2000
0.3601264953613281 37.42 2000
0.36414170265197754 37.42 2000
0.36810779571533203 37.42 2000
0.37206315994262695 37.42 2000
0.3754453659057617 37.42 2000
0.3798060417175293 37.42 2000
0.38248682022094727 37.42 2000
0.3860175609588623 37.42 2000
0.39090490341186523 37.42 2000
0.3948972225189209 37.42 2000
0.39890313148498535 37.42 2000
0.40287232398986816 37.42 2000
0.4058971405029297 37.42 2000
0.4099280834197998 37.42 2000
0.41289496421813965 37.41 2000
0.41588664054870605 37.41 2000
0.41883420944213867 37.41 2000
0.42194294929504395 37.41 2000
0.42481398582458496 37.41 2000
0.4288063049316406 37.41 2000
0.4317915439605713 37.41 2000
0.43693065643310547 37.41 2000
0.4398770332336426 37.41 2000
0.4428977966308594 37.41 2000
0.44605064392089844 37.41 2000
0.4488959312438965 37.41 2000
0.4518444538116455 37.41 2000
0.45494961738586426 37.41 2000
0.45882463455200195 37.41 2000
0.46185946464538574 37.41 2000
0.46715211868286133 37.41 2000
0.47125744819641113 37.41 2000
0.4753248691558838 37.4 2000
0.47924232482910156 37.4 2000
0.4822409152984619 37.4 2000
0.48423099517822266 37.4 2000
0.48767566680908203 37.4 2000
0.49183225631713867 37.4 2000
0.49842190742492676 37.4 2000
0.5005068778991699 37.4 2000
0.5033605098724365 37.4 2000
0.5070903301239014 37.4 2000
0.5102882385253906 37.4 2000
0.5131080150604248 37.4 2000
0.5161614418029785 37.4 2000
0.5200996398925781 37.4 2000
0.5230722427368164 37.4 2000
0.5261054039001465 37.4 2000
0.5300674438476562 37.4 2000
0.5331149101257324 37.39 2000
0.5364780426025391 37.39 2000
0.5391671657562256 37.39 2000
0.5450398921966553 37.39 2000
0.5480232238769531 37.39 2000
0.5509722232818604 37.39 2000
0.5539646148681641 37.39 2000
0.5569581985473633 37.39 2000
0.560943603515625 37.39 2000
0.5653235912322998 37.39 2000
0.5702798366546631 37.39 2000
0.5732386112213135 37.39 2000
0.5777585506439209 37.39 2000
0.5807898044586182 37.39 2000
0.5847434997558594 37.39 2000
0.5897254943847656 37.39 2000
0.5927214622497559 37.38 2000
0.5957114696502686 37.38 2000
0.5987033843994141 37.38 2000
0.6082825660705566 37.38 2000
0.6122677326202393 37.38 2000
0.6151847839355469 37.38 2000
0.6191024780273438 37.38 2000
0.623105525970459 37.38 2000
0.6267745494842529 37.38 2000
0.630756139755249 37.38 2000
0.6347479820251465 37.38 2000
0.638739824295044 37.38 2000
0.6427559852600098 37.38 2000
0.6472499370574951 37.38 2000
0.6511893272399902 37.38 2000
0.6654024124145508 37.37 2000
0.6686642169952393 37.37 2000
0.6723864078521729 37.37 2000
0.674424409866333 37.37 2000
0.6784214973449707 37.37 2000
0.6813604831695557 37.37 2000
0.6855959892272949 37.37 2000
0.6905274391174316 37.37 2000
0.6945643424987793 37.37 2000
0.6979069709777832 37.37 2000
0.7009081840515137 37.37 2000
0.7052721977233887 37.37 2000
0.7082293033599854 37.37 2000
0.7122159004211426 37.37 2000
0.7162377834320068 37.37 2000
0.7202343940734863 37.37 2000
0.7232272624969482 37.37 2000
0.725492000579834 37.37 2000
0.7306423187255859 37.36 2000
0.7334187030792236 37.36 2000
0.7384414672851562 37.36 2000
0.7423875331878662 37.36 2000
0.7466378211975098 37.36 2000
0.749598503112793 37.36 2000
0.7525303363800049 37.36 2000
0.7557039260864258 37.36 2000
0.7586963176727295 37.36 2000
0.7616910934448242 37.36 2000
0.7647190093994141 37.36 2000
0.7686681747436523 37.36 2000
0.7717068195343018 37.35 2000
0.7776699066162109 37.35 2000
0.7806859016418457 37.35 2000
0.7836291790008545 37.35 2000
0.7866189479827881 37.35 2000
0.7896113395690918 37.35 2000
0.7936229705810547 37.35 2000
0.7965924739837646 37.35 2000
0.7997252941131592 37.35 2000
0.8026528358459473 37.35 2000
0.8060650825500488 37.35 2000
0.8102326393127441 37.35 2000
0.8130474090576172 37.35 2000
0.8164031505584717 37.35 2000
0.8200290203094482 37.35 2000
0.8252227306365967 37.35 2000
0.8281135559082031 37.35 2000
0.8321077823638916 37.35 2000
0.8350951671600342 37.35 2000
0.838083028793335 37.35 2000
0.8411192893981934 37.35 2000
0.8440742492675781 37.35 2000
0.8466792106628418 37.34 2000
0.8503527641296387 37.34 2000
0.8533077239990234 37.34 2000
0.857513427734375 37.34 2000
0.861541748046875 37.34 2000
0.865154504776001 37.34 2000
0.8700745105743408 37.34 2000
0.8730664253234863 37.34 2000
0.8758249282836914 37.34 2000
0.8788156509399414 37.34 2000
0.8817574977874756 37.34 2000
0.886817216873169 37.34 2000
0.8898100852966309 37.34 2000
0.8927984237670898 37.34 2000
0.8952100276947021 37.34 2000
0.9001398086547852 37.34 2000
0.9031329154968262 37.34 2000
0.9061634540557861 37.33 2000
0.9101147651672363 37.33 2000
0.9131064414978027 37.33 2000
0.9190638065338135 37.33 2000
0.9220061302185059 37.33 2000
0.9249978065490723 37.33 2000
0.9279906749725342 37.33 2000
0.9309813976287842 37.33 2000
0.9343085289001465 37.33 2000
0.9369423389434814 37.33 2000
0.9398295879364014 37.33 2000
0.9428181648254395 37.33 2000
0.9458107948303223 37.33 2000
0.9498019218444824 37.33 2000
0.9528310298919678 37.33 2000
0.9557819366455078 37.33 2000
0.9588277339935303 37.33 2000
0.961768627166748 37.33 2000
0.9648053646087646 37.32 2000
0.9678361415863037 37.32 2000
0.9707818031311035 37.32 2000
0.9737350940704346 37.32 2000
0.978801965713501 37.32 2000
0.9827902317047119 37.32 2000
0.987062931060791 37.32 2000
0.9900257587432861 37.32 2000
0.9950120449066162 37.32 2000
0.998004674911499 37.32 2000
1.0009961128234863 37.32 2000
1.003988265991211 37.32 2000
1.0080201625823975 37.32 2000
1.0121073722839355 37.32 2000
1.0159478187561035 37.32 2000
1.020094633102417 37.32 2000
1.0231797695159912 37.31 2000
1.0271282196044922 37.31 2000
1.0301704406738281 37.31 2000
1.0331141948699951 37.31 2000
1.036107063293457 37.31 2000
1.0401332378387451 37.31 2000
1.0433433055877686 37.31 2000
1.045809268951416 37.31 2000
1.0498027801513672 37.31 2000
1.0538420677185059 37.31 2000
1.0577750205993652 37.31 2000
1.061983346939087 37.31 2000
1.065833330154419 37.31 2000
1.0697462558746338 37.31 2000
1.0737342834472656 37.31 2000
1.0769498348236084 37.31 2000
1.0809519290924072 37.31 2000
1.0850605964660645 37.3 2000
1.0890202522277832 37.3 2000
1.0920450687408447 37.3 2000
1.0950427055358887 37.3 2000
1.098996639251709 37.3 2000
1.102860927581787 37.3 2000
1.1060738563537598 37.3 2000
1.1090662479400635 37.3 2000
1.112053632736206 37.3 2000
1.1150805950164795 37.3 2000
1.1180343627929688 37.3 2000
1.12203049659729 37.3 2000
1.1260192394256592 37.3 2000
1.130009412765503 37.3 2000
1.1330573558807373 37.3 2000
1.1369915008544922 37.3 2000
1.1399815082550049 37.3 2000
1.1429758071899414 37.3 2000
1.1459839344024658 37.3 2000
1.1499743461608887 37.3 2000
1.1529676914215088 37.3 2000
1.1559271812438965 37.3 2000
1.159956932067871 37.3 2000
1.1639094352722168 37.29 2000
1.167898416519165 37.29 2000
1.1709263324737549 37.29 2000
1.1739177703857422 37.29 2000
1.1769194602966309 37.29 2000
1.1798632144927979 37.29 2000
1.1838555335998535 37.29 2000
1.187230110168457 37.29 2000
1.1901583671569824 37.29 2000
1.193187952041626 37.29 2000
1.1961429119110107 37.29 2000
1.2001397609710693 37.29 2000
1.2031683921813965 37.29 2000
1.2061614990234375 37.29 2000
1.2102670669555664 37.29 2000
1.215799331665039 37.29 2000
1.2197861671447754 37.29 2000
1.222837209701538 37.29 2000
1.2257697582244873 37.29 2000
1.2309398651123047 37.29 2000
1.234785795211792 37.29 2000
1.2387678623199463 37.29 2000
1.2418038845062256 37.28 2000
1.2468805313110352 37.28 2000
1.2498769760131836 37.28 2000
1.2539186477661133 37.28 2000
1.257859230041504 37.28 2000
1.2618448734283447 37.28 2000
1.2650425434112549 37.28 2000
1.2690372467041016 37.28 2000
1.2721107006072998 37.28 2000
1.2782204151153564 37.28 2000
1.2822089195251465 37.28 2000
1.285956859588623 37.28 2000
1.2912259101867676 37.28 2000
1.2943108081817627 37.28 2000
1.2973430156707764 37.28 2000
1.2998254299163818 37.28 2000
1.3028161525726318 37.28 2000
1.3078007698059082 37.28 2000
1.3113422393798828 37.28 2000
1.3137855529785156 37.28 2000
1.3167805671691895 37.28 2000
1.3197710514068604 37.27 2000
1.323758602142334 37.27 2000
1.3268232345581055 37.27 2000
1.329817533493042 37.27 2000
1.3330824375152588 37.27 2000
1.338947057723999 37.27 2000
1.3418469429016113 37.27 2000
1.3447766304016113 37.27 2000
1.3487679958343506 37.27 2000
1.3517632484436035 37.27 2000
1.355787992477417 37.27 2000
1.359753131866455 37.27 2000
1.3637280464172363 37.27 2000
1.3677151203155518 37.27 2000
1.3707611560821533 37.27 2000
1.3737006187438965 37.27 2000
1.3767368793487549 37.26 2000
1.379739761352539 37.26 2000
1.382680892944336 37.26 2000
1.386826753616333 37.26 2000
1.3901817798614502 37.26 2000
1.3928625583648682 37.26 2000
1.395984411239624 37.26 2000
1.398977518081665 37.26 2000
1.4019708633422852 37.26 2000
1.4050064086914062 37.26 2000
1.4075117111206055 37.26 2000
1.4105403423309326 37.26 2000
1.4144833087921143 37.26 2000
1.4182159900665283 37.26 2000
1.4222021102905273 37.26 2000
1.4261622428894043 37.26 2000
1.4301412105560303 37.26 2000
1.434129238128662 37.26 2000
1.4381537437438965 37.26 2000
1.4421091079711914 37.26 2000
1.44732666015625 37.26 2000
1.4503223896026611 37.26 2000
1.4533584117889404 37.26 2000
1.4563496112823486 37.25 2000
1.4602949619293213 37.25 2000
1.4643592834472656 37.25 2000
1.4671387672424316 37.25 2000
1.470254898071289 37.25 2000
1.4739258289337158 37.25 2000
1.476888656616211 37.25 2000
1.4798481464385986 37.25 2000
1.4830994606018066 37.25 2000
1.4858808517456055 37.25 2000
1.4894626140594482 37.25 2000
1.492804765701294 37.25 2000
1.495929479598999 37.25 2000
1.4988446235656738 37.25 2000
1.5018253326416016 37.25 2000
1.504812240600586 37.25 2000
1.508770227432251 37.25 2000
1.5117931365966797 37.25 2000
1.5147514343261719 37.24 2000
1.5187442302703857 37.24 2000
1.5227243900299072 37.24 2000
1.5288619995117188 37.24 2000
1.5318467617034912 37.24 2000
1.5350735187530518 37.24 2000
1.538799524307251 37.24 2000
1.5428242683410645 37.24 2000
1.5458309650421143 37.24 2000
1.548837661743164 37.24 2000
1.552290678024292 37.24 2000
1.5577447414398193 37.24 2000
1.5607588291168213 37.24 2000
1.5637643337249756 37.24 2000
1.5667197704315186 37.24 2000
1.5697152614593506 37.24 2000
1.5737035274505615 37.24 2000
1.5767669677734375 37.24 2000
1.5797274112701416 37.24 2000
1.5869507789611816 37.24 2000
1.589940071105957 37.24 2000
1.5929310321807861 37.23 2000
1.5959229469299316 37.23 2000
1.5990664958953857 37.23 2000
1.602905511856079 37.23 2000
1.6060631275177002 37.23 2000
1.6088941097259521 37.23 2000
1.6120266914367676 37.23 2000
1.6148803234100342 37.23 2000
1.6178686618804932 37.23 2000
1.6208572387695312 37.23 2000
1.6252262592315674 37.23 2000
1.629171371459961 37.23 2000
1.6322054862976074 37.23 2000
1.6358859539031982 37.23 2000
1.6388616561889648 37.23 2000
1.6418919563293457 37.23 2000
1.6448404788970947 37.23 2000
1.6478323936462402 37.23 2000
1.651825189590454 37.23 2000
1.6548147201538086 37.23 2000
1.6588048934936523 37.23 2000
1.661972999572754 37.23 2000
1.666980504989624 37.23 2000
1.6710054874420166 37.23 2000
1.674818992614746 37.22 2000
1.6787300109863281 37.22 2000
1.6817586421966553 37.22 2000
1.6847565174102783 37.22 2000
1.688462257385254 37.22 2000
1.6923766136169434 37.22 2000
1.6968371868133545 37.22 2000
1.6998300552368164 37.22 2000
1.7028617858886719 37.22 2000
1.706294298171997 37.22 2000
1.7091305255889893 37.22 2000
1.7127940654754639 37.22 2000
1.7159416675567627 37.22 2000
1.719773292541504 37.22 2000
1.7228145599365234 37.22 2000
1.7268104553222656 37.22 2000
1.7297930717468262 37.22 2000
1.732879877090454 37.22 2000
1.7357735633850098 37.22 2000
1.7397611141204834 37.22 2000
1.7437152862548828 37.22 2000
1.7467117309570312 37.22 2000
1.749742031097412 37.22 2000
1.7526953220367432 37.22 2000
1.755802869796753 37.22 2000
1.7588682174682617 37.22 2000
1.7618403434753418 37.22 2000
1.7662310600280762 37.22 2000
1.7700726985931396 37.22 2000
1.7753212451934814 37.21 2000
1.778289556503296 37.21 2000
1.7812845706939697 37.21 2000
1.7842381000518799 37.21 2000
1.7872629165649414 37.21 2000
1.7904977798461914 37.21 2000
1.7925384044647217 37.21 2000
1.7956292629241943 37.21 2000
1.8004279136657715 37.21 2000
1.8053092956542969 37.21 2000
1.8079979419708252 37.21 2000
1.8120596408843994 37.21 2000
1.8169748783111572 37.21 2000
1.8200054168701172 37.21 2000
1.8230040073394775 37.21 2000
1.8259804248809814 37.21 2000
1.8289401531219482 37.21 2000
1.832063913345337 37.21 2000
1.8372764587402344 37.21 2000
1.8403313159942627 37.21 2000
1.8432559967041016 37.21 2000
1.845907211303711 37.21 2000
1.848865270614624 37.21 2000
1.8518903255462646 37.2 2000
1.8558409214019775 37.2 2000
1.860107421875 37.2 2000
1.862872838973999 37.2 2000
1.8658180236816406 37.2 2000
1.8698034286499023 37.2 2000
1.8728466033935547 37.2 2000
1.8758411407470703 37.2 2000
1.8808090686798096 37.2 2000
1.8847646713256836 37.2 2000
1.8878064155578613 37.2 2000
1.8919851779937744 37.2 2000
1.8957407474517822 37.2 2000
1.8997271060943604 37.2 2000
1.902763843536377 37.2 2000
1.9060466289520264 37.2 2000
1.9100522994995117 37.2 2000
1.9160511493682861 37.2 2000
1.9199683666229248 37.2 2000
1.922990322113037 37.2 2000
1.9259326457977295 37.2 2000
1.9298667907714844 37.19 2000
1.9328668117523193 37.19 2000
1.936030387878418 37.19 2000
1.9389164447784424 37.19 2000
1.9418797492980957 37.19 2000
1.9448294639587402 37.19 2000
1.947826623916626 37.19 2000
1.9508161544799805 37.19 2000
1.9538068771362305 37.19 2000
1.9573018550872803 37.19 2000
1.9598431587219238 37.19 2000
1.9638302326202393 37.19 2000
1.9690229892730713 37.19 2000
1.9720618724822998 37.19 2000
1.9751031398773193 37.19 2000
1.978989839553833 37.19 2000
1.982234239578247 37.19 2000
1.985114574432373 37.19 2000
1.9879662990570068 37.19 2000
1.9909989833831787 37.19 2000
1.995136022567749 37.19 2000
1.9980990886688232 37.19 2000
2.001089334487915 37.19 2000
2.0040369033813477 37.19 2000
2.0074708461761475 37.18 2000
2.0183401107788086 37.18 2000
2.0222136974334717 37.18 2000
2.02524471282959 37.18 2000
2.0281968116760254 37.18 2000
2.032327890396118 37.18 2000
2.0361905097961426 37.18 2000
2.039368152618408 37.18 2000
2.042210102081299 37.18 2000
2.0453035831451416 37.18 2000
2.0483016967773438 37.18 2000
2.0512518882751465 37.18 2000
2.056241035461426 37.18 2000
2.0592329502105713 37.18 2000
2.062288761138916 37.18 2000
2.0662107467651367 37.18 2000
2.072287082672119 37.18 2000
2.076448917388916 37.18 2000
2.0803849697113037 37.18 2000
2.0844147205352783 37.18 2000
2.0883634090423584 37.17 2000
2.0923550128936768 37.17 2000
2.096384048461914 37.17 2000
2.10241961479187 37.17 2000
2.104357957839966 37.17 2000
2.1077520847320557 37.17 2000
2.1117029190063477 37.17 2000
2.1176300048828125 37.17 2000
2.1205804347991943 37.17 2000
2.1237730979919434 37.17 2000
2.1269805431365967 37.17 2000
2.1299755573272705 37.17 2000
2.132964849472046 37.17 2000
2.136049509048462 37.17 2000
2.139948844909668 37.17 2000
2.142979860305786 37.17 2000
2.1459333896636963 37.17 2000
2.1499180793762207 37.17 2000
2.1539669036865234 37.17 2000
2.157900094985962 37.17 2000
2.160930871963501 37.17 2000
2.164984703063965 37.16 2000
2.167975425720215 37.16 2000
2.171570062637329 37.16 2000
2.175464391708374 37.16 2000
2.1813297271728516 37.16 2000
2.185258626937866 37.16 2000
2.1882500648498535 37.16 2000
2.191246271133423 37.16 2000
2.1962337493896484 37.16 2000
2.2002170085906982 37.16 2000
2.2042057514190674 37.16 2000
2.2081997394561768 37.16 2000
2.212188959121704 37.16 2000
2.2148332595825195 37.16 2000
2.2177891731262207 37.16 2000
2.2218427658081055 37.16 2000
2.2258172035217285 37.16 2000
2.2289130687713623 37.16 2000
2.231802463531494 37.16 2000
2.2357449531555176 37.16 2000
2.238727569580078 37.16 2000
2.2427194118499756 37.16 2000
2.246220588684082 37.15 2000
2.248826026916504 37.15 2000
2.2518320083618164 37.15 2000
2.254814624786377 37.15 2000
2.257936716079712 37.15 2000
2.2617921829223633 37.15 2000
2.264822483062744 37.15 2000
2.2677788734436035 37.15 2000
2.271763324737549 37.15 2000
2.274892568588257 37.15 2000
2.278838872909546 37.15 2000
2.2818214893341064 37.15 2000
2.2848212718963623 37.15 2000
2.2903690338134766 37.15 2000
2.292362689971924 37.15 2000
2.296008586883545 37.15 2000
2.299956798553467 37.15 2000
2.3039419651031494 37.15 2000
2.306936264038086 37.15 2000
2.3100645542144775 37.15 2000
2.3131470680236816 37.15 2000
2.316072463989258 37.15 2000
2.32090163230896 37.15 2000
2.323927640914917 37.15 2000
2.327022075653076 37.15 2000
2.330101251602173 37.15 2000
2.3348991870880127 37.15 2000
2.338848114013672 37.15 2000
2.342862844467163 37.15 2000
2.346832275390625 37.14 2000
2.3508224487304688 37.14 2000
2.3552424907684326 37.14 2000
2.359180450439453 37.14 2000
2.3631484508514404 37.14 2000
2.3671460151672363 37.14 2000
2.3711719512939453 37.14 2000
2.375206470489502 37.14 2000
2.3791680335998535 37.14 2000
2.3831558227539062 37.14 2000
2.3871443271636963 37.14 2000
2.390134334564209 37.14 2000
2.3931291103363037 37.14 2000
2.3981101512908936 37.14 2000
2.401106119155884 37.14 2000
2.404142379760742 37.14 2000
2.407090902328491 37.14 2000
2.4101927280426025 37.14 2000
2.414198637008667 37.14 2000
2.4180984497070312 37.14 2000
2.422318935394287 37.13 2000
2.4270408153533936 37.13 2000
2.4304206371307373 37.13 2000
2.433053493499756 37.13 2000
2.436053514480591 37.13 2000
2.4400503635406494 37.13 2000
2.4440224170684814 37.13 2000
2.4470956325531006 37.13 2000
2.450424909591675 37.13 2000
2.4532315731048584 37.13 2000
2.456104278564453 37.13 2000
2.460143566131592 37.13 2000
2.4631242752075195 37.13 2000
2.4660820960998535 37.13 2000
2.470115900039673 37.13 2000
2.4742209911346436 37.13 2000
2.478050708770752 37.13 2000
2.4811649322509766 37.13 2000
2.484105348587036 37.13 2000
2.487025737762451 37.13 2000
2.4911556243896484 37.13 2000
2.495255708694458 37.13 2000
2.4991652965545654 37.13 2000
2.502157688140869 37.13 2000
2.5060901641845703 37.13 2000
2.5100603103637695 37.13 2000
2.512348175048828 37.13 2000
2.5143179893493652 37.13 2000
2.5161590576171875 37.13 2000
2.5188517570495605 37.12 2000
2.5211434364318848 37.12 2000
2.5231306552886963 37.12 2000
2.525134325027466 37.12 2000
2.5272412300109863 37.12 2000
2.529243230819702 37.12 2000
2.5310721397399902 37.12 2000
2.5327820777893066 37.12 2000
2.5363194942474365 37.12 2000
2.5383591651916504 37.12 2000
2.540235757827759 37.12 2000
2.54225492477417 37.12 2000
2.5442183017730713 37.12 2000
2.5461745262145996 37.12 2000
2.5482048988342285 37.12 2000
2.5512731075286865 37.12 2000
2.5527610778808594 37.12 2000
2.555983304977417 37.12 2000
2.5583786964416504 37.12 2000
2.560141086578369 37.12 2000
2.5623111724853516 37.12 2000
2.5639798641204834 37.12 2000
2.5659565925598145 37.12 2000
2.5679543018341064 37.12 2000
2.5699527263641357 37.12 2000
2.571948528289795 37.12 2000
2.573951244354248 37.12 2000
2.5762572288513184 37.12 2000
2.578233242034912 37.12 2000
2.57991099357605 37.12 2000
2.5818796157836914 37.12 2000
2.584042549133301 37.12 2000
2.5861053466796875 37.12 2000
2.5883898735046387 37.12 2000
2.590245485305786 37.12 2000
2.5922446250915527 37.12 2000
2.5942554473876953 37.12 2000
2.5958902835845947 37.12 2000
2.597884178161621 37.11 2000
2.600829601287842 37.11 2000
2.6018271446228027 37.11 2000
2.604217290878296 37.11 2000
2.6061935424804688 37.11 2000
2.6081924438476562 37.11 2000
2.6101901531219482 37.11 2000
2.611767292022705 37.11 2000
2.6137053966522217 37.11 2000
2.6157312393188477 37.11 2000
2.618726968765259 37.11 2000
2.620327949523926 37.11 2000
2.6221933364868164 37.11 2000
2.624223232269287 37.11 2000
2.626194953918457 37.11 2000
2.6277241706848145 37.11 2000
2.6302125453948975 37.11 2000
2.632211446762085 37.11 2000
2.6339352130889893 37.11 2000
2.6358530521392822 37.11 2000
2.638336658477783 37.11 2000
2.640183210372925 37.11 2000
2.6421163082122803 37.11 2000
2.643893241882324 37.11 2000
2.6458630561828613 37.11 2000
2.6481995582580566 37.11 2000
2.6498568058013916 37.11 2000
2.652100086212158 37.11 2000
2.655351400375366 37.11 2000
2.657200813293457 37.11 2000
2.6592278480529785 37.11 2000
2.6608190536499023 37.11 2000
2.6631906032562256 37.11 2000
2.6651856899261475 37.11 2000
2.6671791076660156 37.11 2000
2.669189929962158 37.11 2000
2.671191692352295 37.11 2000
2.6732189655303955 37.11 2000
2.674806594848633 37.11 2000
2.6767771244049072 37.11 2000
2.679212808609009 37.11 2000
2.6811928749084473 37.11 2000
2.6831204891204834 37.11 2000
2.6847596168518066 37.11 2000
2.687253713607788 37.11 2000
2.689181327819824 37.11 2000
2.690762996673584 37.11 2000
2.6927480697631836 37.11 2000
2.695183038711548 37.1 2000
2.697293758392334 37.1 2000
2.699132204055786 37.1 2000
2.701155424118042 37.1 2000
2.703317165374756 37.1 2000
2.705127239227295 37.1 2000
2.707103729248047 37.1 2000
2.7093381881713867 37.1 2000
2.7111198902130127 37.1 2000
2.714052677154541 37.1 2000
2.7167415618896484 37.1 2000
2.7183914184570312 37.1 2000
2.720411777496338 37.1 2000
2.722153902053833 37.1 2000
2.725094795227051 37.1 2000
2.7273573875427246 37.1 2000
2.7293593883514404 37.1 2000
2.731361150741577 37.1 2000
2.7334165573120117 37.1 2000
2.735164165496826 37.1 2000
2.737470865249634 37.1 2000
2.7391037940979004 37.1 2000
2.741586208343506 37.1 2000
2.7434327602386475 37.1 2000
2.745375394821167 37.1 2000
2.7473642826080322 37.1 2000
2.749162435531616 37.1 2000
2.7512154579162598 37.1 2000
2.7540972232818604 37.1 2000
2.7560975551605225 37.1 2000
2.758284568786621 37.1 2000
2.7603695392608643 37.1 2000
2.7623424530029297 37.1 2000
2.764340400695801 37.1 2000
2.7661375999450684 37.1 2000
2.7678823471069336 37.1 2000
2.7698397636413574 37.1 2000
2.77223539352417 37.1 2000
2.7742111682891846 37.1 2000
2.776078939437866 37.09 2000
2.778252601623535 37.09 2000
2.7802257537841797 37.09 2000
2.7822458744049072 37.09 2000
2.7843093872070312 37.09 2000
2.7863376140594482 37.09 2000
2.7881221771240234 37.09 2000
2.790212869644165 37.09 2000
2.79221510887146 37.09 2000
2.794224739074707 37.09 2000
2.7962424755096436 37.09 2000
2.79825496673584 37.09 2000
2.800718069076538 37.09 2000
2.802293300628662 37.09 2000
2.8042149543762207 37.09 2000
2.8060994148254395 37.09 2000
2.808211088180542 37.09 2000
2.810234785079956 37.09 2000
2.8122024536132812 37.09 2000
2.8137869834899902 37.09 2000
2.815742254257202 37.09 2000
2.818479061126709 37.09 2000
2.820417881011963 37.09 2000
2.8218038082122803 37.09 2000
2.8244149684906006 37.09 2000
2.825979232788086 37.09 2000
2.828392267227173 37.09 2000
2.8299338817596436 37.09 2000
2.8319787979125977 37.09 2000
2.8342669010162354 37.09 2000
2.8362040519714355 37.09 2000
2.838332176208496 37.09 2000
2.840205192565918 37.09 2000
2.8422322273254395 37.09 2000
2.844254493713379 37.09 2000
2.845759868621826 37.09 2000
2.848247766494751 37.09 2000
2.849799156188965 37.09 2000
2.8522043228149414 37.09 2000
2.8542237281799316 37.08 2000
2.85630202293396 37.08 2000
2.858232021331787 37.08 2000
2.8600270748138428 37.08 2000
2.8633031845092773 37.08 2000
2.8652567863464355 37.08 2000
2.8672845363616943 37.08 2000
2.869494676589966 37.08 2000
2.871342182159424 37.08 2000
2.873293161392212 37.08 2000
2.8750293254852295 37.08 2000
2.8770222663879395 37.08 2000
2.8793463706970215 37.08 2000
2.8814022541046143 37.08 2000
2.883014678955078 37.08 2000
2.8850083351135254 37.08 2000
2.887122869491577 37.08 2000
2.8892788887023926 37.08 2000
2.890986442565918 37.08 2000
2.8931148052215576 37.08 2000
2.89534854888916 37.08 2000
2.897355794906616 37.08 2000
2.899282455444336 37.08 2000
2.9009926319122314 37.08 2000
2.9033446311950684 37.08 2000
2.9051406383514404 37.08 2000
2.9069247245788574 37.08 2000
2.908898115158081 37.08 2000
2.911383628845215 37.08 2000
2.913351058959961 37.08 2000
2.9149270057678223 37.08 2000
2.917180061340332 37.08 2000
2.9192311763763428 37.08 2000
2.921236276626587 37.08 2000
2.922907590866089 37.08 2000
2.924854278564453 37.08 2000
2.926881790161133 37.08 2000
2.9289255142211914 37.08 2000
2.931215286254883 37.08 2000
2.9334170818328857 37.07 2000
2.934875011444092 37.07 2000
2.936856508255005 37.07 2000
2.9388651847839355 37.07 2000
2.940887212753296 37.07 2000
2.943390369415283 37.07 2000
2.945115327835083 37.07 2000
2.947218179702759 37.07 2000
2.9491374492645264 37.07 2000
2.950819492340088 37.07 2000
2.953235387802124 37.07 2000
2.954815626144409 37.07 2000
2.9568023681640625 37.07 2000
2.9592411518096924 37.07 2000
2.961235523223877 37.07 2000
2.96321702003479 37.07 2000
2.9653220176696777 37.07 2000
2.9667422771453857 37.07 2000
2.9697701930999756 37.07 2000
2.9707672595977783 37.07 2000
2.9734132289886475 37.07 2000
2.975395441055298 37.07 2000
2.9771981239318848 37.07 2000
2.9792556762695312 37.07 2000
2.981323480606079 37.07 2000
2.9832112789154053 37.07 2000
2.9852616786956787 37.07 2000
2.986726999282837 37.07 2000
2.9891297817230225 37.07 2000
2.991213321685791 37.07 2000
2.993159055709839 37.07 2000
2.995213747024536 37.07 2000
2.997239828109741 37.07 2000
2.999201536178589 37.07 2000
3.000234842300415 37.07 2000
3.00226092338562 37.07 2000
3.005229949951172 37.07 2000
3.007316827774048 37.07 2000
3.0093913078308105 37.07 2000
3.011371612548828 37.06 2000
3.0132462978363037 37.06 2000
3.0152969360351562 37.06 2000
3.0173726081848145 37.06 2000
3.019319534301758 37.06 2000
3.0212619304656982 37.06 2000
3.023256778717041 37.06 2000
3.0254693031311035 37.06 2000
3.027421474456787 37.06 2000
3.0293545722961426 37.06 2000
3.0314290523529053 37.06 2000
3.0334110260009766 37.06 2000
3.036635160446167 37.06 2000
3.038654088973999 37.06 2000
3.040595054626465 37.06 2000
3.0425899028778076 37.06 2000
3.0444235801696777 37.06 2000
3.0460050106048584 37.06 2000
3.048999547958374 37.06 2000
3.0509915351867676 37.06 2000
3.05318546295166 37.06 2000
3.0552685260772705 37.06 2000
3.057223081588745 37.06 2000
3.059349775314331 37.06 2000
3.0611257553100586 37.06 2000
3.06326961517334 37.06 2000
3.0649771690368652 37.06 2000
3.06827449798584 37.06 2000
3.0702831745147705 37.06 2000
3.072227954864502 37.05 2000
3.0742948055267334 37.05 2000
3.0763394832611084 37.05 2000
3.0782692432403564 37.05 2000
3.080192804336548 37.05 2000
3.0817861557006836 37.05 2000
3.0843255519866943 37.05 2000
3.086836099624634 37.05 2000
3.089869260787964 37.05 2000
3.092853546142578 37.05 2000
3.095808267593384 37.05 2000
3.099799156188965 37.05 2000
3.1028048992156982 37.05 2000
3.1061971187591553 37.05 2000
3.1091878414154053 37.05 2000
3.112145185470581 37.05 2000
3.116133689880371 37.05 2000
3.119127035140991 37.05 2000
3.12211275100708 37.05 2000
3.1252379417419434 37.05 2000
3.1282010078430176 37.05 2000
3.1320858001708984 37.05 2000
3.1350772380828857 37.05 2000
3.138070821762085 37.05 2000
3.1420698165893555 37.05 2000
3.146160840988159 37.05 2000
3.1490423679351807 37.05 2000
3.1530308723449707 37.04 2000
3.1571431159973145 37.04 2000
3.1611721515655518 37.04 2000
3.164170503616333 37.04 2000
3.167227268218994 37.04 2000
3.1711859703063965 37.04 2000
3.1772782802581787 37.04 2000
3.180232048034668 37.04 2000
3.1833770275115967 37.04 2000
3.1862149238586426 37.04 2000
3.1902072429656982 37.04 2000
3.1930696964263916 37.04 2000
3.1958067417144775 37.04 2000
3.199026346206665 37.04 2000
3.2027454376220703 37.04 2000
3.207882881164551 37.04 2000
3.2107279300689697 37.04 2000
3.213719606399536 37.04 2000
3.2167158126831055 37.04 2000
3.2207047939300537 37.04 2000
3.2226970195770264 37.04 2000
3.22572922706604 37.04 2000
3.2286813259124756 37.03 2000
3.2317755222320557 37.03 2000
3.2357277870178223 37.03 2000
3.238766670227051 37.03 2000
3.241729736328125 37.03 2000
3.244703531265259 37.03 2000
3.247802972793579 37.03 2000
3.2516844272613525 37.03 2000
3.255039930343628 37.03 2000
3.258979320526123 37.03 2000
3.2629687786102295 37.03 2000
3.266756534576416 37.03 2000
3.270747661590576 37.03 2000
3.2738375663757324 37.03 2000
3.2768027782440186 37.03 2000
3.2804317474365234 37.03 2000
3.283111810684204 37.03 2000
3.2868270874023438 37.03 2000
3.2897658348083496 37.02 2000
3.2930006980895996 37.02 2000
3.295761823654175 37.02 2000
3.2987794876098633 37.02 2000
3.3030123710632324 37.02 2000
3.3057262897491455 37.02 2000
3.308765172958374 37.02 2000
3.3122336864471436 37.02 2000
3.314704179763794 37.02 2000
3.3207240104675293 37.02 2000
3.323699951171875 37.02 2000
3.327913999557495 37.02 2000
3.3307669162750244 37.02 2000
3.334831476211548 37.02 2000
3.3378405570983887 37.02 2000
3.3408284187316895 37.02 2000
3.3438210487365723 37.02 2000
3.350090265274048 37.02 2000
3.3530807495117188 37.02 2000
3.355807065963745 37.02 2000
3.359893321990967 37.02 2000
3.365248918533325 37.02 2000
3.368203639984131 37.01 2000
3.371176242828369 37.01 2000
3.374138832092285 37.01 2000
3.37723970413208 37.01 2000
3.3815505504608154 37.01 2000
3.3843250274658203 37.01 2000
3.388338327407837 37.01 2000
3.3913590908050537 37.01 2000
3.3938894271850586 37.01 2000
3.3969175815582275 37.01 2000
3.3998727798461914 37.01 2000
3.4029510021209717 37.01 2000
3.406036138534546 37.01 2000
3.408989906311035 37.01 2000
3.4124679565429688 37.01 2000
3.4149789810180664 37.01 2000
3.4189870357513428 37.01 2000
3.4219555854797363 37.01 2000
3.426668643951416 37.01 2000
3.4294776916503906 37.01 2000
3.4334375858306885 37.01 2000
3.4355785846710205 37.01 2000
3.4405677318573 37.01 2000
3.443758249282837 37.01 2000
3.446503162384033 37.0 2000
3.45042085647583 37.0 2000
3.4534060955047607 37.0 2000
3.4563217163085938 37.0 2000
3.459146738052368 37.0 2000
3.4623708724975586 37.0 2000
3.465146064758301 37.0 2000
3.468297243118286 37.0 2000
3.4711458683013916 37.0 2000
3.474932909011841 37.0 2000
3.478886842727661 37.0 2000
3.481902837753296 37.0 2000
3.485220432281494 37.0 2000
3.490847110748291 37.0 2000
3.4940216541290283 37.0 2000
3.4969747066497803 37.0 2000
3.5009636878967285 37.0 2000
3.5064141750335693 37.0 2000
3.510366678237915 37.0 2000
3.5125832557678223 37.0 2000
3.5157251358032227 37.0 2000
3.521657943725586 37.0 2000
3.524618625640869 36.99 2000
3.528604745864868 36.99 2000
3.532595157623291 36.99 2000
3.537668228149414 36.99 2000
3.540663719177246 36.99 2000
3.545043706893921 36.99 2000
3.5479514598846436 36.99 2000
3.5529377460479736 36.99 2000
3.555882453918457 36.99 2000
3.5587525367736816 36.99 2000
3.5618937015533447 36.99 2000
3.565737009048462 36.99 2000
3.568730354309082 36.99 2000
3.571723222732544 36.99 2000
3.5747644901275635 36.99 2000
3.5778379440307617 36.99 2000
3.5807368755340576 36.99 2000
3.584967613220215 36.99 2000
3.5882980823516846 36.99 2000
3.5922012329101562 36.99 2000
3.595344305038452 36.99 2000
3.6003386974334717 36.99 2000
3.6043331623077393 36.99 2000
3.607327938079834 36.99 2000
3.610358953475952 36.99 2000
3.6149404048919678 36.99 2000
3.619154214859009 36.99 2000
3.621936082839966 36.99 2000
3.6248838901519775 36.99 2000
3.6303353309631348 36.99 2000
3.6328277587890625 36.99 2000
3.6358230113983154 36.99 2000
3.638850688934326 36.99 2000
3.6427950859069824 36.99 2000
3.646791934967041 36.98 2000
3.650782585144043 36.98 2000
3.6537654399871826 36.98 2000
3.6567678451538086 36.98 2000
3.664736270904541 36.98 2000
3.66573429107666 36.98 2000
3.667790412902832 36.98 2000
3.670567035675049 36.98 2000
3.672196865081787 36.98 2000
3.6737124919891357 36.98 2000
3.6763381958007812 36.98 2000
3.678339958190918 36.98 2000
3.680278778076172 36.98 2000
3.682690143585205 36.98 2000
3.6843011379241943 36.98 2000
3.686253786087036 36.98 2000
3.687851905822754 36.98 2000
3.6898295879364014 36.98 2000
3.6923439502716064 36.98 2000
3.69445538520813 36.98 2000
3.6962954998016357 36.98 2000
3.6982851028442383 36.98 2000
3.7002086639404297 36.98 2000
3.7022719383239746 36.98 2000
3.703989267349243 36.98 2000
3.7059366703033447 36.98 2000
3.7081785202026367 36.98 2000
3.710294485092163 36.98 2000
3.7122511863708496 36.98 2000
3.71419095993042 36.98 2000
3.7159464359283447 36.98 2000
3.7181785106658936 36.98 2000
3.7199466228485107 36.98 2000
3.721928596496582 36.98 2000
3.7244205474853516 36.98 2000
3.7261404991149902 36.98 2000
3.728342294692993 36.98 2000
3.7302465438842773 36.98 2000
3.7320830821990967 36.98 2000
3.7342782020568848 36.98 2000
3.735821485519409 36.98 2000
3.7393293380737305 36.98 2000
3.741356372833252 36.97 2000
3.7432730197906494 36.97 2000
3.745344400405884 36.97 2000
3.7472641468048096 36.97 2000
3.748793363571167 36.97 2000
3.7517430782318115 36.97 2000
3.75373911857605 36.97 2000
3.7547826766967773 36.97 2000
3.7573180198669434 36.97 2000
3.7592835426330566 36.97 2000
3.7607593536376953 36.97 2000
3.763251304626465 36.97 2000
3.7647745609283447 36.97 2000
3.76670503616333 36.97 2000
3.76873779296875 36.97 2000
3.771688461303711 36.97 2000
3.773710250854492 36.97 2000
3.7753193378448486 36.97 2000
3.77744460105896 36.97 2000
3.779355049133301 36.97 2000
3.7815961837768555 36.97 2000
3.7832748889923096 36.97 2000
3.78525972366333 36.97 2000
3.787336826324463 36.97 2000
3.7893357276916504 36.97 2000
3.7913365364074707 36.97 2000
3.7932424545288086 36.97 2000
3.795255184173584 36.97 2000
3.797248601913452 36.97 2000
3.799268960952759 36.97 2000
3.8012373447418213 36.97 2000
3.803546905517578 36.97 2000
3.8054332733154297 36.97 2000
3.8074276447296143 36.97 2000
3.809422731399536 36.97 2000
3.8114168643951416 36.97 2000
3.8134114742279053 36.97 2000
3.816182851791382 36.97 2000
3.8181631565093994 36.97 2000
3.820176124572754 36.97 2000
3.8224291801452637 36.97 2000
3.824474573135376 36.97 2000
3.826037645339966 36.97 2000
3.8281400203704834 36.97 2000
3.8302512168884277 36.97 2000
3.831965684890747 36.97 2000
3.8342766761779785 36.97 2000
3.8368477821350098 36.97 2000
3.8392958641052246 36.97 2000
3.841301202774048 36.97 2000
3.843289613723755 36.97 2000
3.844816207885742 36.97 2000
3.847271680831909 36.97 2000
3.84875226020813 36.97 2000
3.851369619369507 36.97 2000
3.8533735275268555 36.97 2000
3.8552498817443848 36.97 2000
3.856729030609131 36.97 2000
3.8587632179260254 36.96 2000
3.8608999252319336 36.96 2000
3.8627469539642334 36.96 2000
3.864816188812256 36.96 2000
3.866842031478882 36.96 2000
3.869839906692505 36.96 2000
3.8708086013793945 36.96 2000
3.8733325004577637 36.96 2000
3.8748326301574707 36.96 2000
3.876831293106079 36.96 2000
3.879539966583252 36.96 2000
3.8813443183898926 36.96 2000
3.8833560943603516 36.96 2000
3.8848063945770264 36.96 2000
3.8873610496520996 36.96 2000
3.8892836570739746 36.96 2000
3.891246795654297 36.96 2000
3.8927371501922607 36.96 2000
3.8947739601135254 36.96 2000
3.8973445892333984 36.96 2000
3.8992786407470703 36.96 2000
3.9013431072235107 36.96 2000
3.903337240219116 36.96 2000
3.9047532081604004 36.96 2000
3.906825065612793 36.96 2000
3.9093053340911865 36.96 2000
3.91133975982666 36.96 2000
3.9133551120758057 36.96 2000
3.9147121906280518 36.96 2000
3.916673421859741 36.96 2000
3.9192678928375244 36.96 2000
3.9212646484375 36.96 2000
3.9226901531219482 36.96 2000
3.9255716800689697 36.96 2000
3.9273881912231445 36.96 2000
3.929382801055908 36.96 2000
3.931377410888672 36.96 2000
3.933406352996826 36.96 2000
3.936384439468384 36.96 2000
3.9383583068847656 36.96 2000
3.940418243408203 36.96 2000
3.9423484802246094 36.96 2000
3.9444222450256348 36.96 2000
3.9463677406311035 36.96 2000
3.9479970932006836 36.96 2000
3.949923276901245 36.96 2000
3.9524526596069336 36.96 2000
3.9549691677093506 36.96 2000
3.9569878578186035 36.96 2000
3.9599387645721436 36.96 2000
3.962998628616333 36.96 2000
3.965886354446411 36.96 2000
3.9688801765441895 36.96 2000
3.9729068279266357 36.96 2000
3.9758386611938477 36.96 2000
3.979827642440796 36.95 2000
3.982858657836914 36.95 2000
3.9858176708221436 36.95 2000
3.98944354057312 36.95 2000
3.9923243522644043 36.95 2000
3.994999647140503 36.95 2000
3.9979634284973145 36.95 2000
4.000901699066162 36.95 2000
4.004572629928589 36.95 2000
4.0070953369140625 36.95 2000
4.0102503299713135 36.95 2000
4.013392448425293 36.95 2000
4.0160744190216064 36.95 2000
4.020061492919922 36.95 2000
4.023143529891968 36.95 2000
4.026040077209473 36.95 2000
4.030070066452026 36.95 2000
4.036325216293335 36.95 2000
4.040029287338257 36.95 2000
4.0428032875061035 36.95 2000
4.045877456665039 36.95 2000
4.0518639087677 36.95 2000
4.055876731872559 36.95 2000
4.0599524974823 36.95 2000
4.064975261688232 36.95 2000
4.0679545402526855 36.95 2000
4.070984601974487 36.95 2000
4.074364423751831 36.95 2000
4.076888561248779 36.95 2000
4.079885721206665 36.95 2000
4.0839173793792725 36.95 2000
4.086994886398315 36.95 2000
4.090023994445801 36.95 2000
4.0932159423828125 36.95 2000
4.0962488651275635 36.95 2000
4.09919548034668 36.95 2000
4.1023335456848145 36.95 2000
4.105224609375 36.95 2000
4.108439922332764 36.95 2000
4.111169338226318 36.95 2000
4.114198446273804 36.95 2000
4.11718487739563 36.94 2000
4.120143890380859 36.94 2000
4.1231725215911865 36.94 2000
4.126166582107544 36.94 2000
4.1312525272369385 36.94 2000
4.135103940963745 36.94 2000
4.1381425857543945 36.94 2000
4.141260623931885 36.94 2000
4.144082307815552 36.94 2000
4.148164510726929 36.94 2000
4.152097225189209 36.94 2000
4.155091047286987 36.94 2000
4.159071922302246 36.94 2000
4.163029432296753 36.94 2000
4.165910482406616 36.94 2000
4.169171571731567 36.94 2000
4.171899080276489 36.94 2000
4.174893140792847 36.94 2000
4.17793607711792 36.94 2000
4.181312322616577 36.94 2000
4.183870553970337 36.94 2000
4.187217712402344 36.94 2000
4.190094470977783 36.94 2000
4.194084644317627 36.94 2000
4.198205471038818 36.93 2000
4.201272964477539 36.93 2000
4.204270362854004 36.93 2000
4.210045099258423 36.93 2000
4.214773178100586 36.93 2000
4.2189040184021 36.93 2000
4.221849679946899 36.93 2000
4.224882125854492 36.93 2000
4.227836608886719 36.93 2000
4.230876684188843 36.93 2000
4.234816312789917 36.93 2000
4.241778612136841 36.93 2000
4.246037721633911 36.93 2000
4.249065160751343 36.93 2000
4.251994371414185 36.93 2000
4.25616192817688 36.93 2000
4.260213136672974 36.93 2000
4.264136075973511 36.93 2000
4.268332242965698 36.93 2000
4.2788169384002686 36.93 2000
4.282856702804565 36.93 2000
4.285824775695801 36.93 2000
4.288825511932373 36.93 2000
4.291744947433472 36.93 2000
4.294842004776001 36.93 2000
4.297797679901123 36.93 2000
4.301785469055176 36.93 2000
4.304859399795532 36.93 2000
4.307807922363281 36.93 2000
4.3108320236206055 36.93 2000
4.314689874649048 36.92 2000
4.319333553314209 36.92 2000
4.32220196723938 36.92 2000
4.325196981430054 36.92 2000
4.329555511474609 36.92 2000
4.333212375640869 36.92 2000
4.336406707763672 36.92 2000
4.340151309967041 36.92 2000
4.344184875488281 36.92 2000
4.348308801651001 36.92 2000
4.351399183273315 36.92 2000
4.354292869567871 36.92 2000
4.358426094055176 36.92 2000
4.36423397064209 36.92 2000
4.366776704788208 36.92 2000
4.369818449020386 36.92 2000
4.372809410095215 36.92 2000
4.376845121383667 36.92 2000
4.379834413528442 36.92 2000
4.382823944091797 36.92 2000
4.385883092880249 36.92 2000
4.3888099193573 36.92 2000
4.391801357269287 36.92 2000
4.395877838134766 36.92 2000
4.399876117706299 36.92 2000
4.402825832366943 36.92 2000
4.406006336212158 36.92 2000
4.410982131958008 36.92 2000
4.414029359817505 36.92 2000
4.418015480041504 36.92 2000
4.4219536781311035 36.92 2000
4.425950527191162 36.92 2000
4.428980588912964 36.92 2000
4.4325220584869385 36.92 2000
4.434920310974121 36.91 2000
4.437922954559326 36.91 2000
4.440969228744507 36.91 2000
4.443948745727539 36.91 2000
4.447977542877197 36.91 2000
4.451873779296875 36.91 2000
4.4580042362213135 36.91 2000
4.461515665054321 36.91 2000
4.463988542556763 36.91 2000
4.466981410980225 36.91 2000
4.470968961715698 36.91 2000
4.47399640083313 36.91 2000
4.477144241333008 36.91 2000
4.480090379714966 36.91 2000
4.483118772506714 36.91 2000
4.486073732376099 36.91 2000
4.490102529525757 36.91 2000
4.493102550506592 36.91 2000
4.496086597442627 36.91 2000
4.499070644378662 36.91 2000
4.5019590854644775 36.91 2000
4.506005048751831 36.91 2000
4.509987115859985 36.91 2000
4.513922452926636 36.91 2000
4.517174005508423 36.91 2000
4.520251750946045 36.91 2000
4.523163080215454 36.91 2000
4.526187181472778 36.91 2000
4.529146432876587 36.91 2000
4.533099412918091 36.91 2000
4.538086175918579 36.91 2000
4.541407585144043 36.91 2000
4.5441365242004395 36.91 2000
4.547729730606079 36.91 2000
4.55281138420105 36.91 2000
4.556710243225098 36.91 2000
4.560699224472046 36.91 2000
4.5647947788238525 36.91 2000
4.56780219078064 36.91 2000
4.570834636688232 36.91 2000
4.573884725570679 36.9 2000
4.57875657081604 36.9 2000
4.5848071575164795 36.9 2000
4.588932991027832 36.9 2000
4.5917723178863525 36.9 2000
4.5950822830200195 36.9 2000
4.5990355014801025 36.9 2000
4.603073358535767 36.9 2000
4.606049537658691 36.9 2000
4.609260559082031 36.9 2000
4.6139984130859375 36.9 2000
4.616986513137817 36.9 2000
4.619973421096802 36.9 2000
4.6229705810546875 36.9 2000
4.625967502593994 36.9 2000
4.629952907562256 36.9 2000
4.632982969284058 36.9 2000
4.637040138244629 36.9 2000
4.6400322914123535 36.9 2000
4.64302396774292 36.9 2000
4.6459715366363525 36.9 2000
4.649960279464722 36.9 2000
4.653948545455933 36.9 2000
4.658139705657959 36.9 2000
4.662120819091797 36.9 2000
4.666157007217407 36.9 2000
4.669147729873657 36.89 2000
4.672142028808594 36.89 2000
4.676968574523926 36.89 2000
4.679958343505859 36.89 2000
4.68394923210144 36.89 2000
4.686943054199219 36.89 2000
4.691930294036865 36.89 2000
4.695003032684326 36.89 2000
4.697932958602905 36.89 2000