
0.003985166549682617 39.51 2000
0.007956743240356445 39.51 2000
0.011908292770385742 39.51 2000
0.016106605529785156 39.51 2000
0.02001023292541504 39.51 2000
0.02405261993408203 39.5 2000
0.0269925594329834 39.5 2000
0.030022382736206055 39.5 2000
0.033011674880981445 39.5 2000
0.03898477554321289 39.5 2000
0.04199528694152832 39.5 2000
0.044985055923461914 39.5 2000
0.04796195030212402 39.5 2000
0.052939653396606445 39.5 2000
0.05494093894958496 39.5 2000
0.05903911590576172 39.5 2000
0.06306695938110352 39.5 2000
0.06901288032531738 39.5 2000
0.07205915451049805 39.5 2000
0.0844731330871582 39.49 2000
0.08787178993225098 39.49 2000
0.09045815467834473 39.49 2000
0.0939791202545166 39.49 2000
0.09689903259277344 39.49 2000
0.10093402862548828 39.49 2000
0.10492873191833496 39.49 2000
0.10816717147827148 39.49 2000
0.11200904846191406 39.49 2000
0.11629199981689453 39.49 2000
0.1201789379119873 39.48 2000
0.12330102920532227 39.48 2000
0.1262798309326172 39.48 2000
0.1303720474243164 39.48 2000
0.13341927528381348 39.48 2000
0.13830018043518066 39.48 2000
0.14141249656677246 39.48 2000
0.14650559425354004 39.48 2000
0.15048885345458984 39.48 2000
0.15401697158813477 39.48 2000
0.15618586540222168 39.48 2000
0.16317319869995117 39.48 2000
0.16716599464416504 39.48 2000
0.17009663581848145 39.48 2000
0.17319798469543457 39.48 2000
0.17823433876037598 39.48 2000
0.1822223663330078 39.47 2000
0.18525052070617676 39.47 2000
0.18816781044006348 39.47 2000
0.19138145446777344 39.47 2000
0.1944112777709961 39.47 2000
0.19722270965576172 39.47 2000
0.2002425193786621 39.47 2000
0.20420432090759277 39.47 2000
0.20719599723815918 39.47 2000
0.2114114761352539 39.47 2000
0.21429967880249023 39.47 2000
0.2178955078125 39.47 2000
0.2239229679107666 39.46 2000
0.22687959671020508 39.46 2000
0.22987079620361328 39.46 2000
0.2329237461090088 39.46 2000
0.23584628105163574 39.46 2000
0.23888444900512695 39.46 2000
0.2418348789215088 39.46 2000
0.24492263793945312 39.46 2000
0.2478184700012207 39.46 2000
0.2508065700531006 39.46 2000
0.25479936599731445 39.46 2000
0.2587900161743164 39.46 2000
0.2618284225463867 39.45 2000
0.2648136615753174 39.45 2000
0.2677628993988037 39.45 2000
0.2707550525665283 39.45 2000
0.2732119560241699 39.45 2000
0.27695751190185547 39.45 2000
0.2792778015136719 39.45 2000
0.28227901458740234 39.45 2000
0.2859976291656494 39.45 2000
0.2899661064147949 39.45 2000
0.29300546646118164 39.45 2000
0.29598522186279297 39.45 2000
0.2980687618255615 39.44 2000
0.3031013011932373 39.44 2000
0.3060472011566162 39.44 2000
0.3090395927429199 39.44 2000
0.31203126907348633 39.44 2000
0.31505894660949707 39.44 2000
0.31704115867614746 39.44 2000
0.3202066421508789 39.44 2000
0.32400012016296387 39.44 2000
0.3270292282104492 39.44 2000
0.32998132705688477 39.44 2000
0.33400511741638184 39.44 2000
0.33800673484802246 39.44 2000
0.34195446968078613 39.43 2000
0.3459441661834717 39.43 2000
0.3509249687194824 39.43 2000
0.35491490364074707 39.43 2000
0.3589034080505371 39.43 2000
0.3618957996368408 39.43 2000
0.36597228050231934 39.43 2000
0.3689720630645752 39.43 2000
0.3720245361328125 39.43 2000
0.3741898536682129 39.43 2000
0.3781740665435791 39.42 2000
0.38037967681884766 39.42 2000
0.3831653594970703 39.42 2000
0.3861827850341797 39.42 2000
0.38918352127075195 39.42 2000
0.39313578605651855 39.42 2000
0.39612555503845215 39.42 2000
0.4003455638885498 39.42 2000
0.40514469146728516 39.42 2000
0.40938472747802734 39.42 2000
0.4127488136291504 39.42 2000
0.415515661239624 39.42 2000
0.4180288314819336 39.42 2000
0.42125368118286133 39.42 2000
0.42426323890686035 39.42 2000
0.42746472358703613 39.42 2000
0.4303884506225586 39.42 2000
0.43327999114990234 39.42 2000
0.43623900413513184 39.41 2000
0.4392695426940918 39.41 2000
0.442293643951416 39.41 2000
0.44602417945861816 39.41 2000
0.4491093158721924 39.41 2000
0.4521317481994629 39.41 2000
0.45868659019470215 39.41 2000
0.46193671226501465 39.41 2000
0.46588563919067383 39.41 2000
0.4693179130554199 39.41 2000
0.4739811420440674 39.41 2000
0.4769434928894043 39.4 2000
0.4799191951751709 39.4 2000
0.4828674793243408 39.4 2000
0.4858582019805908 39.4 2000
0.48885250091552734 39.4 2000
0.49187517166137695 39.4 2000
0.49483633041381836 39.4 2000
0.49794697761535645 39.4 2000
0.5008985996246338 39.4 2000
0.5049324035644531 39.4 2000
0.5088798999786377 39.4 2000
0.5119130611419678 39.4 2000
0.5148634910583496 39.39 2000
0.5198502540588379 39.39 2000
0.5228796005249023 39.39 2000
0.5258748531341553 39.39 2000
0.528867244720459 39.39 2000
0.5318183898925781 39.39 2000
0.5348131656646729 39.39 2000
0.5369899272918701 39.39 2000
0.5400807857513428 39.39 2000
0.5436434745788574 39.39 2000
0.5459713935852051 39.39 2000
0.5499577522277832 39.39 2000
0.551995038986206 39.38 2000
0.5559790134429932 39.38 2000
0.5590286254882812 39.38 2000
0.5624632835388184 39.38 2000
0.5659911632537842 39.38 2000
0.5689849853515625 39.38 2000
0.5710287094116211 39.38 2000
0.5741636753082275 39.38 2000
0.5773229598999023 39.38 2000
0.5803120136260986 39.38 2000
0.583343505859375 39.38 2000
0.5863313674926758 39.38 2000
0.5893311500549316 39.38 2000
0.5922825336456299 39.37 2000
0.596966028213501 39.37 2000
0.5989184379577637 39.37 2000
0.6029071807861328 39.37 2000
0.6059138774871826 39.37 2000
0.608928918838501 39.37 2000
0.6119101047515869 39.37 2000
0.6149015426635742 39.37 2000
0.6178936958312988 39.37 2000
0.6208839416503906 39.37 2000
0.623875617980957 39.37 2000
0.6270010471343994 39.37 2000
0.6290504932403564 39.37 2000
0.6323134899139404 39.36 2000
0.636016845703125 39.36 2000
0.6400063037872314 39.36 2000
0.6422145366668701 39.36 2000
0.6459846496582031 39.36 2000
0.6479263305664062 39.36 2000
0.6519315242767334 39.36 2000
0.6542613506317139 39.36 2000
0.6573340892791748 39.36 2000
0.660372257232666 39.36 2000
0.6633138656616211 39.36 2000
0.666562557220459 39.36 2000
0.66943359375 39.36 2000
0.6740498542785645 39.36 2000
0.678034782409668 39.36 2000
0.6820273399353027 39.36 2000
0.68601393699646 39.36 2000
0.688962459564209 39.35 2000
0.6910088062286377 39.35 2000
0.6941101551055908 39.35 2000
0.697972297668457 39.35 2000
0.7009294033050537 39.35 2000
0.7061731815338135 39.35 2000
0.7111649513244629 39.35 2000
0.7151544094085693 39.35 2000
0.7191522121429443 39.35 2000
0.7224571704864502 39.35 2000
0.7252428531646729 39.35 2000
0.7291927337646484 39.34 2000
0.7330629825592041 39.34 2000
0.735058069229126 39.34 2000
0.7390899658203125 39.34 2000
0.7425684928894043 39.34 2000
0.7450311183929443 39.34 2000
0.7500982284545898 39.34 2000
0.7530133724212646 39.34 2000
0.7563581466674805 39.34 2000
0.7601265907287598 39.34 2000
0.7631566524505615 39.34 2000
0.7661495208740234 39.34 2000
0.7691385746002197 39.33 2000
0.7720906734466553 39.33 2000
0.7751262187957764 39.33 2000
0.7781939506530762 39.33 2000
0.7831158638000488 39.33 2000
0.7869768142700195 39.33 2000
0.7899692058563232 39.33 2000
0.7929604053497314 39.33 2000
0.7962372303009033 39.33 2000
0.7992689609527588 39.33 2000
0.8022258281707764 39.33 2000
0.8052082061767578 39.33 2000
0.8091874122619629 39.32 2000
0.8142306804656982 39.32 2000
0.8171818256378174 39.32 2000
0.8222060203552246 39.32 2000
0.8261561393737793 39.32 2000
0.829723596572876 39.32 2000
0.8326520919799805 39.32 2000
0.8356003761291504 39.32 2000
0.8395929336547852 39.32 2000
0.8427927494049072 39.32 2000
0.8467254638671875 39.32 2000
0.850714921951294 39.31 2000
0.8546943664550781 39.31 2000
0.8603935241699219 39.31 2000
0.8632810115814209 39.31 2000
0.8669953346252441 39.31 2000
0.8707895278930664 39.31 2000
0.8737790584564209 39.31 2000
0.8768506050109863 39.31 2000
0.8798484802246094 39.31 2000
0.8828411102294922 39.31 2000
0.8859302997589111 39.31 2000
0.8889169692993164 39.3 2000
0.8919084072113037 39.3 2000
0.8949000835418701 39.3 2000
0.8978919982910156 39.3 2000
0.9003961086273193 39.3 2000
0.903911828994751 39.3 2000
0.9074046611785889 39.3 2000
0.9101321697235107 39.3 2000
0.9141206741333008 39.3 2000
0.9162502288818359 39.3 2000
0.9202489852905273 39.3 2000
0.9232397079467773 39.3 2000
0.9262323379516602 39.29 2000
0.9294075965881348 39.29 2000
0.9322504997253418 39.29 2000
0.9352085590362549 39.29 2000
0.9391992092132568 39.29 2000
0.9431848526000977 39.29 2000
0.9467835426330566 39.29 2000
0.9505445957183838 39.29 2000
0.9544873237609863 39.29 2000
0.9580032825469971 39.29 2000
0.9609942436218262 39.29 2000
0.9639890193939209 39.29 2000
0.9669849872589111 39.28 2000
0.9690108299255371 39.28 2000
0.972966194152832 39.28 2000
0.9757246971130371 39.28 2000
0.9787709712982178 39.28 2000
0.9822454452514648 39.28 2000
0.9856986999511719 39.28 2000
0.989692211151123 39.28 2000
0.9928600788116455 39.28 2000
0.9957973957061768 39.28 2000
1.0008647441864014 39.28 2000
1.0032992362976074 39.28 2000
1.0063765048980713 39.27 2000
1.00937819480896 39.27 2000
1.012430191040039 39.27 2000
1.0164332389831543 39.27 2000
1.0194342136383057 39.27 2000
1.022430419921875 39.27 2000
1.0254199504852295 39.27 2000
1.028503656387329 39.27 2000
1.0324935913085938 39.27 2000
1.0354855060577393 39.27 2000
1.0394744873046875 39.27 2000
1.0434637069702148 39.27 2000
1.047539234161377 39.26 2000
1.0505738258361816 39.26 2000
1.0536282062530518 39.26 2000
1.0564241409301758 39.26 2000
1.0593676567077637 39.26 2000
1.0635204315185547 39.26 2000
1.0662591457366943 39.26 2000
1.069089412689209 39.26 2000
1.0730805397033691 39.26 2000
1.0760862827301025 39.26 2000
1.0791547298431396 39.26 2000
1.0828204154968262 39.26 2000
1.0850603580474854 39.25 2000
1.0882799625396729 39.25 2000
1.0910956859588623 39.25 2000
1.0940887928009033 39.25 2000
1.0973663330078125 39.25 2000
1.1000735759735107 39.25 2000
1.1030759811401367 39.25 2000
1.1070530414581299 39.25 2000
1.1102068424224854 39.25 2000
1.1133484840393066 39.25 2000
1.116079330444336 39.25 2000
1.1200590133666992 39.25 2000
1.1230099201202393 39.25 2000
1.1343319416046143 39.25 2000
1.1383190155029297 39.25 2000
1.1413085460662842 39.25 2000
1.1442995071411133 39.24 2000
1.1478583812713623 39.24 2000
1.1508495807647705 39.24 2000
1.1538453102111816 39.24 2000
1.1579270362854004 39.24 2000
1.1601977348327637 39.24 2000
1.1639084815979004 39.24 2000
1.1668555736541748 39.24 2000
1.1698460578918457 39.24 2000
1.1738314628601074 39.24 2000
1.1761772632598877 39.24 2000
1.1790220737457275 39.24 2000
1.1831130981445312 39.24 2000
1.1870019435882568 39.23 2000
1.1900436878204346 39.23 2000
1.194082260131836 39.23 2000
1.1962499618530273 39.23 2000
1.2001709938049316 39.23 2000
1.2032597064971924 39.23 2000
1.2064409255981445 39.23 2000
1.209528923034668 39.23 2000
1.2123775482177734 39.23 2000
1.215930461883545 39.23 2000
1.2198941707611084 39.23 2000
1.222886085510254 39.23 2000
1.2258751392364502 39.22 2000
1.228907585144043 39.22 2000
1.2348525524139404 39.22 2000
1.2379429340362549 39.22 2000
1.241832971572876 39.22 2000
1.2448275089263916 39.22 2000
1.2468197345733643 39.22 2000
1.250809907913208 39.22 2000
1.253800392150879 39.22 2000
1.256582498550415 39.22 2000
1.2594883441925049 39.22 2000
1.262477159500122 39.21 2000
1.2662954330444336 39.21 2000
1.270240306854248 39.21 2000
1.274886131286621 39.21 2000
1.2779474258422852 39.21 2000
1.281930923461914 39.21 2000
1.2849218845367432 39.21 2000
1.2879128456115723 39.21 2000
1.2909038066864014 39.21 2000
1.2938995361328125 39.21 2000
1.2972102165222168 39.21 2000
1.3010480403900146 39.21 2000
1.3041934967041016 39.2 2000
1.3071446418762207 39.2 2000
1.313014030456543 39.2 2000
1.3160488605499268 39.2 2000
1.3191328048706055 39.2 2000
1.3231170177459717 39.2 2000
1.3251173496246338 39.2 2000
1.3282108306884766 39.2 2000
1.3312864303588867 39.2 2000
1.334195852279663 39.2 2000
1.337188959121704 39.2 2000
1.3411786556243896 39.19 2000
1.3441755771636963 39.19 2000
1.3472800254821777 39.19 2000
1.3513753414154053 39.19 2000
1.3552546501159668 39.19 2000
1.358252763748169 39.19 2000
1.3612408638000488 39.19 2000
1.364274263381958 39.19 2000
1.3672969341278076 39.19 2000
1.370506763458252 39.19 2000
1.3732101917266846 39.19 2000
1.377108097076416 39.19 2000
1.3802199363708496 39.18 2000
1.3831491470336914 39.18 2000
1.3861613273620605 39.18 2000
1.3901636600494385 39.18 2000
1.3922119140625 39.18 2000
1.3951466083526611 39.18 2000
1.4001328945159912 39.18 2000
1.4031660556793213 39.18 2000
1.410083293914795 39.18 2000
1.4133095741271973 39.18 2000
1.4161007404327393 39.18 2000
1.4210524559020996 39.18 2000
1.4232120513916016 39.18 2000
1.4271042346954346 39.18 2000
1.429067850112915 39.18 2000
1.432535171508789 39.18 2000
1.436049461364746 39.18 2000
1.4405386447906494 39.17 2000
1.4435315132141113 39.17 2000
1.4464085102081299 39.17 2000
1.4503507614135742 39.17 2000
1.4559693336486816 39.17 2000
1.4589042663574219 39.17 2000
1.4613063335418701 39.17 2000
1.4649064540863037 39.17 2000
1.4678781032562256 39.17 2000
1.470898151397705 39.17 2000
1.4738621711730957 39.17 2000
1.476851224899292 39.17 2000
1.4798846244812012 39.16 2000
1.4838345050811768 39.16 2000
1.4878246784210205 39.16 2000
1.4908204078674316 39.16 2000
1.4938058853149414 39.16 2000
1.4967975616455078 39.16 2000
1.4997923374176025 39.16 2000
1.5027844905853271 39.16 2000
1.5057730674743652 39.16 2000
1.5088164806365967 39.16 2000
1.5119023323059082 39.16 2000
1.5147514343261719 39.16 2000
1.5187411308288574 39.15 2000
1.5217525959014893 39.15 2000
1.5247347354888916 39.15 2000
1.527794599533081 39.15 2000
1.530714511871338 39.15 2000
1.5346956253051758 39.15 2000
1.5376927852630615 39.15 2000
1.5406827926635742 39.15 2000
1.5436782836914062 39.15 2000
1.5466675758361816 39.15 2000
1.5516531467437744 39.15 2000
1.554647445678711 39.15 2000
1.5576448440551758 39.14 2000
1.560936689376831 39.14 2000
1.5656211376190186 39.14 2000
1.568615436553955 39.14 2000
1.5717215538024902 39.14 2000
1.5746335983276367 39.14 2000
1.577584981918335 39.14 2000
1.5815739631652832 39.14 2000
1.5863454341888428 39.14 2000
1.5903644561767578 39.14 2000
1.5932724475860596 39.14 2000
1.5962674617767334 39.13 2000
1.599259376525879 39.13 2000
1.6022486686706543 39.13 2000
1.6052474975585938 39.13 2000
1.6092841625213623 39.13 2000
1.614166021347046 39.13 2000
1.6168632507324219 39.13 2000
1.620856523513794 39.13 2000
1.6238453388214111 39.13 2000
1.628831148147583 39.13 2000
1.6318275928497314 39.13 2000
1.6348190307617188 39.13 2000
1.637810230255127 39.12 2000
1.6407999992370605 39.12 2000
1.6447887420654297 39.12 2000
1.6477890014648438 39.12 2000
1.6508724689483643 39.12 2000
1.6537702083587646 39.12 2000
1.6577539443969727 39.11 2000
1.6607515811920166 39.11 2000
1.6637418270111084 39.11 2000
1.66672945022583 39.11 2000
1.6697256565093994 39.11 2000
1.67579984664917 39.11 2000
1.6788907051086426 39.11 2000
1.6818821430206299 39.11 2000
1.6848771572113037 39.11 2000
1.6878666877746582 39.11 2000
1.6918585300445557 39.11 2000
1.6963624954223633 39.1 2000
1.699328899383545 39.1 2000
1.7025415897369385 39.1 2000
1.706967830657959 39.1 2000
1.710911512374878 39.1 2000
1.713907241821289 39.1 2000
1.7170240879058838 39.1 2000
1.7209374904632568 39.1 2000
1.7239291667938232 39.1 2000
1.7268710136413574 39.1 2000
1.730858564376831 39.1 2000
1.7348487377166748 39.09 2000
1.7389426231384277 39.09 2000
1.7418289184570312 39.09 2000
1.7448234558105469 39.09 2000
1.7476532459259033 39.09 2000
1.7506461143493652 39.09 2000
1.7546868324279785 39.09 2000
1.7579569816589355 39.09 2000
1.7607953548431396 39.09 2000
1.7637367248535156 39.09 2000
1.7682044506072998 39.09 2000
1.772200584411621 39.09 2000
1.775953769683838 39.09 2000
1.7789406776428223 39.09 2000
1.7819304466247559 39.09 2000
1.7859187126159668 39.09 2000
1.7889115810394287 39.09 2000
1.7919001579284668 39.09 2000
1.795917272567749 39.08 2000
1.800877332687378 39.08 2000
1.8038756847381592 39.08 2000
1.8068623542785645 39.08 2000
1.810849666595459 39.08 2000
1.8158414363861084 39.08 2000
1.818831205368042 39.08 2000
1.8218224048614502 39.08 2000
1.8248474597930908 39.08 2000
1.8279006481170654 39.08 2000
1.8318915367126465 39.08 2000
1.8348846435546875 39.07 2000
1.8378746509552002 39.07 2000
1.841862678527832 39.07 2000
1.8458566665649414 39.07 2000
1.8489577770233154 39.07 2000
1.8518896102905273 39.07 2000
1.8549907207489014 39.07 2000
1.8573553562164307 39.07 2000
1.8613452911376953 39.07 2000
1.8643381595611572 39.07 2000
1.8673620223999023 39.07 2000
1.8703906536102295 39.07 2000
1.873317003250122 39.06 2000
1.8763067722320557 39.06 2000
1.8794500827789307 39.06 2000
1.8824429512023926 39.06 2000
1.8854360580444336 39.06 2000
1.888580560684204 39.06 2000
1.8934099674224854 39.06 2000
1.8964040279388428 39.06 2000
1.8994355201721191 39.06 2000
1.9023864269256592 39.06 2000
1.9053819179534912 39.06 2000
1.9083702564239502 39.06 2000
1.9113645553588867 39.05 2000
1.9144344329833984 39.05 2000
1.9181797504425049 39.05 2000
1.9214162826538086 39.05 2000
1.9242987632751465 39.05 2000
1.9275193214416504 39.05 2000
1.9305100440979004 39.05 2000
1.9335002899169922 39.05 2000
1.9364957809448242 39.05 2000
1.9404892921447754 39.05 2000
1.9434762001037598 39.05 2000
1.9464681148529053 39.05 2000
1.9494833946228027 39.05 2000
1.9524524211883545 39.04 2000
1.955451250076294 39.04 2000
1.9594337940216064 39.04 2000
1.9625132083892822 39.04 2000
1.9664149284362793 39.04 2000
1.9704036712646484 39.04 2000
1.973456621170044 39.04 2000
1.9763855934143066 39.04 2000
1.9805715084075928 39.04 2000
1.9853639602661133 39.04 2000
1.9884028434753418 39.04 2000
1.9913477897644043 39.04 2000
1.994340181350708 39.04 2000
1.9974262714385986 39.04 2000
2.0013222694396973 39.04 2000
2.004423141479492 39.04 2000
2.0073094367980957 39.04 2000
2.0102944374084473 39.03 2000
2.0135631561279297 39.03 2000
2.0182785987854004 39.03 2000
2.0215280055999756 39.03 2000
2.0246267318725586 39.03 2000
2.0278711318969727 39.03 2000
2.030773162841797 39.03 2000
2.033313512802124 39.03 2000
2.036306142807007 39.03 2000
2.0393831729888916 39.03 2000
2.042362928390503 39.03 2000
2.045994758605957 39.03 2000
2.0509707927703857 39.02 2000
2.0539650917053223 39.02 2000
2.056690216064453 39.02 2000
2.059898614883423 39.02 2000
2.0621488094329834 39.02 2000
2.065133571624756 39.02 2000
2.068169355392456 39.02 2000
2.0711262226104736 39.02 2000
2.0741233825683594 39.02 2000
2.078152656555176 39.02 2000
2.081153392791748 39.02 2000
2.0851428508758545 39.02 2000
2.0881853103637695 39.01 2000
2.09116530418396 39.01 2000
2.0947446823120117 39.01 2000
2.0972113609313965 39.01 2000
2.1002795696258545 39.01 2000
2.1031057834625244 39.01 2000
2.1070806980133057 39.01 2000
2.110074281692505 39.01 2000
2.1131691932678223 39.01 2000
2.116058349609375 39.01 2000
2.1190547943115234 39.01 2000
2.122042417526245 39.01 2000
2.125072479248047 39.01 2000
2.13101863861084 39.0 2000
2.1334824562072754 39.0 2000
2.1363525390625 39.0 2000
2.1393299102783203 39.0 2000
2.14436411857605 39.0 2000
2.1473701000213623 39.0 2000
2.150303840637207 39.0 2000
2.153627872467041 39.0 2000
2.156430244445801 39.0 2000
2.1614115238189697 39.0 2000
2.164508819580078 39.0 2000
2.1670103073120117 38.99 2000
2.1705520153045654 38.99 2000
2.1749866008758545 38.99 2000
2.1772379875183105 38.99 2000
2.1802115440368652 38.99 2000
2.1830461025238037 38.99 2000
2.186706304550171 38.99 2000
2.1916916370391846 38.99 2000
2.1947574615478516 38.99 2000
2.1983749866485596 38.99 2000
2.201366424560547 38.99 2000
2.2043590545654297 38.99 2000
2.2073540687561035 38.98 2000
2.2105369567871094 38.98 2000
2.21333646774292 38.98 2000
2.2168662548065186 38.98 2000
2.2208564281463623 38.98 2000
2.223846197128296 38.98 2000
2.226839303970337 38.98 2000
2.2298693656921387 38.98 2000
2.2328245639801025 38.98 2000
2.236811876296997 38.98 2000
2.239851951599121 38.98 2000
2.2428181171417236 38.98 2000
2.2458078861236572 38.97 2000
2.2483413219451904 38.97 2000
2.251214027404785 38.97 2000
2.2545254230499268 38.97 2000
2.2575559616088867 38.97 2000
2.2601919174194336 38.97 2000
2.2641820907592773 38.97 2000
2.2678773403167725 38.97 2000
2.2709343433380127 38.97 2000
2.2738590240478516 38.97 2000
2.2769033908843994 38.97 2000
2.2811334133148193 38.97 2000
2.2840893268585205 38.97 2000
2.2873218059539795 38.97 2000
2.2901928424835205 38.97 2000
2.29415225982666 38.97 2000
2.296414852142334 38.97 2000
2.3004016876220703 38.97 2000
2.3033902645111084 38.97 2000
2.3069100379943848 38.96 2000
2.3108487129211426 38.96 2000
2.3138387203216553 38.96 2000
2.3169407844543457 38.96 2000
2.3199312686920166 38.96 2000
2.3229246139526367 38.96 2000
2.325915813446045 38.95 2000
2.3294200897216797 38.95 2000
2.332479476928711 38.95 2000
2.3360140323638916 38.95 2000
2.339083433151245 38.95 2000
2.3429811000823975 38.95 2000
2.345965623855591 38.95 2000
2.3499560356140137 38.95 2000
2.352947473526001 38.95 2000
2.3557565212249756 38.95 2000
2.360271692276001 38.95 2000
2.364325523376465 38.94 2000
2.36725115776062 38.94 2000
2.370384454727173 38.94 2000
2.373835325241089 38.94 2000
2.3773958683013916 38.94 2000
2.3805899620056152 38.94 2000
2.3835837841033936 38.94 2000
2.3867006301879883 38.94 2000
2.3897526264190674 38.94 2000
2.393667697906494 38.94 2000
2.3966917991638184 38.94 2000
2.3996918201446533 38.94 2000
2.4026875495910645 38.94 2000
2.4056386947631836 38.94 2000
2.4106733798980713 38.94 2000
2.413614511489868 38.94 2000
2.4166083335876465 38.94 2000
2.4207992553710938 38.94 2000
2.425586462020874 38.93 2000
2.4287970066070557 38.93 2000
2.431607723236084 38.93 2000
2.434595823287964 38.93 2000
2.437584638595581 38.93 2000
2.4405832290649414 38.93 2000
2.4436068534851074 38.93 2000
2.4467341899871826 38.93 2000
2.4497323036193848 38.93 2000
2.4527084827423096 38.93 2000
2.4563653469085693 38.93 2000
2.4593398571014404 38.93 2000
2.4625396728515625 38.92 2000
2.4659574031829834 38.92 2000
2.468923330307007 38.92 2000
2.4719130992889404 38.92 2000
2.473907232284546 38.92 2000
2.4778976440429688 38.92 2000
2.480888843536377 38.92 2000
2.483879804611206 38.92 2000
2.49722957611084 38.92 2000
2.5014407634735107 38.92 2000
2.5042972564697266 38.92 2000
2.5081398487091064 38.92 2000
2.512126922607422 38.92 2000
2.514172315597534 38.92 2000
2.52010440826416 38.92 2000
2.522169351577759 38.91 2000
2.525165557861328 38.91 2000
2.528122663497925 38.91 2000
2.5311427116394043 38.91 2000
2.5342776775360107 38.91 2000
2.5372750759124756 38.91 2000
2.5401768684387207 38.91 2000
2.5434775352478027 38.91 2000
2.5460336208343506 38.91 2000
2.550027370452881 38.91 2000
2.552067756652832 38.91 2000
2.555905818939209 38.91 2000
2.559844493865967 38.91 2000
2.564302682876587 38.9 2000
2.5678205490112305 38.9 2000
2.571810245513916 38.9 2000
2.576436758041382 38.9 2000
2.5812366008758545 38.9 2000
2.58422589302063 38.9 2000
2.5874569416046143 38.9 2000
2.5904529094696045 38.9 2000
2.5934395790100098 38.9 2000
2.597175359725952 38.9 2000
2.600123882293701 38.89 2000
2.6031150817871094 38.89 2000
2.6062631607055664 38.89 2000
2.611269474029541 38.89 2000
2.619023084640503 38.89 2000
2.6228814125061035 38.89 2000
2.626868963241577 38.89 2000
2.629863977432251 38.89 2000
2.6328542232513428 38.89 2000
2.6368446350097656 38.89 2000
2.6408333778381348 38.88 2000
2.643838405609131 38.88 2000
2.648024082183838 38.88 2000
2.6530094146728516 38.88 2000
2.657299041748047 38.88 2000
2.660489082336426 38.88 2000
2.663576364517212 38.88 2000
2.666276216506958 38.88 2000
2.6702632904052734 38.88 2000
2.673382043838501 38.88 2000
2.676316738128662 38.88 2000
2.6793174743652344 38.88 2000
2.6823818683624268 38.88 2000
2.686298131942749 38.88 2000
2.689291477203369 38.88 2000
2.692282199859619 38.88 2000
2.6952779293060303 38.88 2000
2.698364496231079 38.88 2000
2.704047679901123 38.87 2000
2.7063181400299072 38.87 2000
2.7093100547790527 38.87 2000
2.7123026847839355 38.87 2000
2.7152936458587646 38.87 2000
2.7207984924316406 38.87 2000
2.7238285541534424 38.87 2000
2.726861000061035 38.87 2000
2.7298648357391357 38.87 2000
2.7328569889068604 38.87 2000
2.7358481884002686 38.87 2000
2.738837242126465 38.86 2000
2.7418313026428223 38.86 2000
2.744821071624756 38.86 2000
2.7479281425476074 38.86 2000
2.7518112659454346 38.86 2000
2.754798412322998 38.86 2000
2.7577922344207764 38.86 2000
2.760782480239868 38.86 2000
2.7637715339660645 38.86 2000
2.7668399810791016 38.86 2000
2.769808530807495 38.86 2000
2.7728002071380615 38.86 2000
2.7756454944610596 38.86 2000
2.7791554927825928 38.85 2000
2.7823588848114014 38.85 2000
2.7851386070251465 38.85 2000
2.7885100841522217 38.85 2000
2.7914552688598633 38.85 2000
2.7941129207611084 38.85 2000
2.7971103191375732 38.85 2000
2.8000993728637695 38.85 2000
2.8035826683044434 38.85 2000
2.806082010269165 38.85 2000
2.8100719451904297 38.85 2000
2.815058708190918 38.85 2000
2.8171401023864746 38.85 2000
2.82021427154541 38.85 2000
2.8230373859405518 38.85 2000
2.8270273208618164 38.85 2000
2.8310136795043945 38.85 2000
2.8340063095092773 38.85 2000
2.837000846862793 38.84 2000
2.8399899005889893 38.84 2000
2.841984748840332 38.84 2000
2.845635175704956 38.84 2000
2.849182605743408 38.84 2000
2.8532209396362305 38.84 2000
2.8551671504974365 38.84 2000
2.861149311065674 38.84 2000
2.863323211669922 38.84 2000
2.8661813735961914 38.84 2000
2.8702034950256348 38.84 2000
2.872283458709717 38.84 2000
2.876216411590576 38.84 2000
2.8791921138763428 38.84 2000
2.882397174835205 38.84 2000
2.885179042816162 38.84 2000
2.8892085552215576 38.84 2000
2.8922119140625 38.84 2000
2.895221710205078 38.83 2000
2.8982715606689453 38.83 2000
2.9012744426727295 38.83 2000
2.905130624771118 38.83 2000
2.909127712249756 38.83 2000
2.9121439456939697 38.83 2000
2.9152331352233887 38.83 2000
2.9180922508239746 38.83 2000
2.92111873626709 38.83 2000
2.924281597137451 38.83 2000
2.927875280380249 38.83 2000
2.9308667182922363 38.83 2000
2.9338583946228027 38.82 2000
2.9368529319763184 38.82 2000
2.9408392906188965 38.82 2000
2.9438326358795166 38.82 2000
2.947824239730835 38.82 2000
2.951852321624756 38.82 2000
2.9562389850616455 38.82 2000
2.9612550735473633 38.82 2000
2.9651801586151123 38.82 2000
2.967168092727661 38.82 2000
2.971386671066284 38.82 2000
2.974149227142334 38.82 2000
2.978140354156494 38.82 2000
2.9805424213409424 38.82 2000
2.983492612838745 38.82 2000
2.986485004425049 38.82 2000
2.9894750118255615 38.82 2000
2.992584228515625 38.81 2000
2.9959919452667236 38.81 2000
2.9989516735076904 38.81 2000
3.0019452571868896 38.81 2000
3.0059001445770264 38.81 2000
3.009871006011963 38.81 2000
3.012924909591675 38.81 2000
3.0158514976501465 38.81 2000
3.0188465118408203 38.81 2000
3.021838665008545 38.81 2000
3.024827718734741 38.81 2000
3.0278782844543457 38.81 2000
3.0308704376220703 38.8 2000
3.0338642597198486 38.8 2000
3.0369272232055664 38.8 2000
3.039846658706665 38.8 2000
3.0428388118743896 38.8 2000
3.045837879180908 38.8 2000
3.049821615219116 38.8 2000
3.052809476852417 38.8 2000
3.0558316707611084 38.8 2000
3.0587964057922363 38.8 2000
3.06178617477417 38.8 2000
3.0724306106567383 38.79 2000
3.075258493423462 38.79 2000
3.0792386531829834 38.79 2000
3.0828213691711426 38.79 2000
3.08522367477417 38.79 2000
3.0886952877044678 38.79 2000
3.0916621685028076 38.79 2000
3.0961060523986816 38.79 2000
3.0981273651123047 38.79 2000
3.101067066192627 38.79 2000
3.1040611267089844 38.79 2000
3.1080517768859863 38.79 2000
3.1120409965515137 38.79 2000
3.1150317192077637 38.79 2000
3.11802339553833 38.79 2000
3.1200191974639893 38.79 2000
3.124006509780884 38.79 2000
3.1278975009918213 38.79 2000
3.130967378616333 38.78 2000
3.1338822841644287 38.78 2000
3.136875867843628 38.78 2000
3.139906406402588 38.78 2000
3.1428701877593994 38.78 2000
3.1460063457489014 38.78 2000
3.148930549621582 38.78 2000
3.1519205570220947 38.78 2000
3.153916120529175 38.78 2000
3.1569130420684814 38.78 2000
3.158900260925293 38.78 2000
3.1628904342651367 38.78 2000
3.165884494781494 38.78 2000
3.168938636779785 38.77 2000
3.1708688735961914 38.77 2000
3.1741249561309814 38.77 2000
3.1778528690338135 38.77 2000
3.180842399597168 38.77 2000
3.1832828521728516 38.77 2000
3.185831069946289 38.77 2000
3.1891591548919678 38.77 2000
3.1928458213806152 38.77 2000
3.196146249771118 38.77 2000
3.198117733001709 38.77 2000
3.2011077404022217 38.77 2000
3.2051026821136475 38.77 2000
3.2073922157287598 38.77 2000
3.210423707962036 38.77 2000
3.2141799926757812 38.77 2000
3.2162926197052 38.77 2000
3.2212862968444824 38.77 2000
3.223280191421509 38.77 2000
3.2265636920928955 38.77 2000
3.2294435501098633 38.76 2000
3.2323994636535645 38.76 2000
3.237905263900757 38.76 2000
3.2399191856384277 38.76 2000
3.2439091205596924 38.76 2000
3.246899366378784 38.76 2000
3.2498908042907715 38.76 2000
3.253896951675415 38.76 2000
3.256997585296631 38.76 2000
3.259869337081909 38.76 2000
3.262859344482422 38.76 2000
3.265965700149536 38.76 2000
3.2699618339538574 38.76 2000
3.27295184135437 38.76 2000
3.276121139526367 38.76 2000
3.278104066848755 38.76 2000
3.282116174697876 38.76 2000
3.285263776779175 38.76 2000
3.2881879806518555 38.75 2000
3.291114568710327 38.75 2000
3.294145107269287 38.75 2000
3.2970550060272217 38.75 2000
3.3002617359161377 38.75 2000
3.3031506538391113 38.75 2000
3.3062214851379395 38.75 2000
3.3080239295959473 38.75 2000
3.311025381088257 38.75 2000
3.314115524291992 38.75 2000
3.316004991531372 38.75 2000
3.319167137145996 38.75 2000
3.320990800857544 38.75 2000
3.322986364364624 38.75 2000
3.32507061958313 38.75 2000
3.328068494796753 38.74 2000
3.330167293548584 38.74 2000
3.3330864906311035 38.74 2000
3.3349506855010986 38.74 2000
3.3371763229370117 38.74 2000
3.3395214080810547 38.74 2000
3.342184543609619 38.74 2000
3.3441810607910156 38.74 2000
3.347149610519409 38.74 2000
3.349144697189331 38.74 2000
3.351139545440674 38.74 2000
3.353135108947754 38.74 2000
3.355128049850464 38.74 2000
3.358121871948242 38.74 2000
3.3601162433624268 38.74 2000
3.363178014755249 38.74 2000
3.366142511367798 38.74 2000
3.3691484928131104 38.73 2000
3.375131368637085 38.73 2000
3.377279281616211 38.73 2000
3.3801159858703613 38.73 2000
3.3831734657287598 38.73 2000
3.3861000537872314 38.73 2000
3.3920857906341553 38.73 2000
3.394118547439575 38.73 2000
3.3973560333251953 38.73 2000
3.4001975059509277 38.73 2000
3.4052298069000244 38.73 2000
3.408310890197754 38.73 2000
3.411292314529419 38.73 2000
3.4143788814544678 38.73 2000
3.4183409214019775 38.73 2000
3.421405792236328 38.73 2000
3.4244067668914795 38.72 2000
3.427431106567383 38.72 2000
3.431417942047119 38.72 2000
3.4354095458984375 38.72 2000
3.438399314880371 38.72 2000
3.441392183303833 38.72 2000
3.444495439529419 38.72 2000
3.448373556137085 38.72 2000
3.451369047164917 38.72 2000
3.4543588161468506 38.72 2000
3.457350015640259 38.72 2000
3.460430145263672 38.72 2000
3.463334083557129 38.71 2000
3.467796802520752 38.71 2000
3.4718375205993652 38.71 2000
3.474900484085083 38.71 2000
3.4773573875427246 38.71 2000
3.48144793510437 38.71 2000
3.4844491481781006 38.71 2000
3.487447500228882 38.71 2000
3.4904327392578125 38.71 2000
3.4934239387512207 38.71 2000
3.4980602264404297 38.71 2000
3.50205397605896 38.71 2000
3.505044937133789 38.71 2000
3.5080366134643555 38.71 2000
3.513021945953369 38.71 2000
3.5160529613494873 38.71 2000
3.520037889480591 38.71 2000
3.5230302810668945 38.71 2000
3.5266177654266357 38.7 2000
3.529531955718994 38.7 2000
3.5325257778167725 38.7 2000
3.53551983833313 38.7 2000
3.54026198387146 38.7 2000
3.5434529781341553 38.7 2000
3.5462160110473633 38.7 2000
3.5502028465270996 38.7 2000
3.552196502685547 38.7 2000
3.5573554039001465 38.7 2000
3.5603363513946533 38.7 2000
3.563293933868408 38.69 2000
3.567289113998413 38.69 2000
3.5702755451202393 38.69 2000
3.5733895301818848 38.69 2000
3.5762667655944824 38.69 2000
3.5800576210021973 38.69 2000
3.5829081535339355 38.69 2000
3.5855233669281006 38.69 2000
3.5887157917022705 38.69 2000
3.5915069580078125 38.69 2000
3.594499111175537 38.69 2000
3.5971827507019043 38.69 2000
3.6011667251586914 38.69 2000
3.604335069656372 38.69 2000
3.6071813106536865 38.69 2000
3.61020565032959 38.69 2000
3.613280773162842 38.69 2000
3.620138645172119 38.69 2000
3.624279499053955 38.68 2000
3.6279256343841553 38.68 2000
3.6339080333709717 38.68 2000
3.6368982791900635 38.68 2000
3.6398894786834717 38.68 2000
3.6428980827331543 38.68 2000
3.6458749771118164 38.68 2000
3.648698329925537 38.68 2000
3.6516966819763184 38.68 2000
3.6546835899353027 38.68 2000
3.6577301025390625 38.68 2000
3.6606435775756836 38.68 2000
3.663715362548828 38.67 2000
3.6665942668914795 38.67 2000
3.669588088989258 38.67 2000
3.6725800037384033 38.67 2000
3.675567626953125 38.67 2000
3.678696393966675 38.67 2000
3.681567907333374 38.67 2000
3.684886932373047 38.67 2000
3.6874828338623047 38.67 2000
3.6906445026397705 38.67 2000
3.6944658756256104 38.67 2000
3.6975455284118652 38.67 2000
3.700538158416748 38.67 2000
3.703697919845581 38.67 2000
3.7065043449401855 38.67 2000
3.711472511291504 38.67 2000
3.7149510383605957 38.67 2000
3.7174580097198486 38.67 2000
3.7203917503356934 38.67 2000
3.726010322570801 38.66 2000
3.7289299964904785 38.66 2000
3.7319231033325195 38.66 2000
3.735987424850464 38.66 2000
3.738985538482666 38.66 2000
3.741976737976074 38.66 2000
3.744166374206543 38.66 2000
3.747962236404419 38.66 2000
3.7509593963623047 38.66 2000
3.75394606590271 38.66 2000
3.7579381465911865 38.66 2000
3.7619266510009766 38.66 2000
3.7659151554107666 38.66 2000
3.7700626850128174 38.66 2000
3.7729318141937256 38.66 2000
3.7758896350860596 38.66 2000
3.7788774967193604 38.66 2000
3.7813408374786377 38.65 2000
3.7842788696289062 38.65 2000
3.787271738052368 38.65 2000
3.7902629375457764 38.65 2000
3.793255567550659 38.65 2000
3.7970125675201416 38.65 2000
3.799999952316284 38.65 2000
3.8039839267730713 38.65 2000
3.8079445362091064 38.65 2000
3.811936855316162 38.65 2000
3.8159263134002686 38.65 2000
3.81990909576416 38.64 2000
3.8229012489318848 38.64 2000
3.825941324234009 38.64 2000
3.828888177871704 38.64 2000
3.831883430480957 38.64 2000
3.8348729610443115 38.64 2000
3.8378641605377197 38.64 2000
3.8409061431884766 38.64 2000
3.843845844268799 38.64 2000
3.8468475341796875 38.64 2000
3.858045816421509 38.64 2000
3.860337018966675 38.64 2000
3.8660218715667725 38.64 2000
3.8690171241760254 38.64 2000
3.8720061779022217 38.64 2000
3.8750076293945312 38.64 2000
3.877279043197632 38.64 2000
3.8809871673583984 38.63 2000
3.8859705924987793 38.63 2000
3.8886425495147705 38.63 2000
3.891634464263916 38.63 2000
3.908160924911499 38.63 2000
3.912151336669922 38.63 2000
3.9151411056518555 38.63 2000
3.918226718902588 38.63 2000
3.9214015007019043 38.63 2000
3.9261410236358643 38.63 2000
3.9301199913024902 38.63 2000
3.933084011077881 38.63 2000
3.9361329078674316 38.63 2000
3.9391379356384277 38.62 2000
3.9431216716766357 38.62 2000
3.9451184272766113 38.62 2000
3.948772430419922 38.62 2000
3.9520986080169678 38.62 2000
3.955091953277588 38.62 2000
3.9581825733184814 38.62 2000
3.9621357917785645 38.62 2000
3.9651246070861816 38.62 2000
3.96811842918396 38.62 2000
3.971113681793213 38.62 2000
3.9743175506591797 38.62 2000
3.9781041145324707 38.61 2000
3.9800963401794434 38.61 2000
3.9840736389160156 38.61 2000
3.987065315246582 38.61 2000
3.990208148956299 38.61 2000
3.9940505027770996 38.61 2000
3.997117280960083 38.61 2000
3.9999067783355713 38.61 2000
4.0028932094573975 38.61 2000
4.006044387817383 38.61 2000
4.009943008422852 38.61 2000
4.012934684753418 38.61 2000
4.015923500061035 38.61 2000
4.018914699554443 38.61 2000
4.0219221115112305 38.61 2000
4.024898290634155 38.61 2000
4.027892589569092 38.61 2000
4.03104305267334 38.61 2000
4.033874273300171 38.61 2000
4.037975549697876 38.6 2000
4.040970087051392 38.6 2000
4.043959379196167 38.6 2000
4.046315670013428 38.6 2000
4.051356554031372 38.6 2000
4.054375171661377 38.6 2000
4.058008909225464 38.6 2000
4.0603039264678955 38.6 2000
4.063995361328125 38.6 2000
4.0683252811431885 38.6 2000
4.07131814956665 38.6 2000
4.074307203292847 38.6 2000
4.077321290969849 38.59 2000
4.0802154541015625 38.59 2000
4.084203004837036 38.59 2000
4.086405515670776 38.59 2000
4.091315984725952 38.59 2000
4.095313310623169 38.59 2000
4.100295782089233 38.59 2000
4.103285789489746 38.59 2000
4.106163263320923 38.59 2000
4.110137701034546 38.59 2000
4.115116357803345 38.59 2000
4.118105888366699 38.59 2000
4.121194124221802 38.59 2000
4.123093128204346 38.59 2000
4.126155138015747 38.59 2000
4.129490375518799 38.59 2000
4.132183074951172 38.59 2000
4.135138273239136 38.58 2000
4.139127492904663 38.58 2000
4.141122817993164 38.58 2000
4.144465684890747 38.58 2000
4.147316932678223 38.58 2000
4.1510961055755615 38.58 2000
4.1531877517700195 38.58 2000
4.157323122024536 38.58 2000
4.161317586898804 38.58 2000
4.165302753448486 38.58 2000
4.168258905410767 38.58 2000
4.171249151229858 38.58 2000
4.176439523696899 38.57 2000
4.1793577671051025 38.57 2000
4.1825950145721436 38.57 2000
4.1855857372283936 38.57 2000
4.1908886432647705 38.57 2000
4.193562984466553 38.57 2000
4.197015285491943 38.57 2000
4.201889514923096 38.57 2000
4.206246376037598 38.57 2000
4.211177825927734 38.57 2000
4.213122844696045 38.57 2000
4.2171008586883545 38.57 2000
4.22208571434021 38.57 2000
4.224174499511719 38.57 2000
4.228348970413208 38.57 2000
4.2313454151153564 38.57 2000
4.2366273403167725 38.56 2000
4.239618301391602 38.56 2000
4.242751359939575 38.56 2000
4.246106863021851 38.56 2000
4.2491114139556885 38.56 2000
4.253101587295532 38.56 2000
4.255268573760986 38.56 2000
4.259110689163208 38.56 2000
4.26207160949707 38.56 2000
4.264069080352783 38.56 2000
4.269094944000244 38.56 2000
4.272089719772339 38.56 2000
4.274253845214844 38.55 2000
4.277430534362793 38.55 2000
4.281143665313721 38.55 2000
4.283106565475464 38.55 2000
4.287063360214233 38.55 2000
4.290094375610352 38.55 2000
4.292044401168823 38.55 2000
4.2960405349731445 38.55 2000
4.3000264167785645 38.55 2000
4.303065061569214 38.55 2000
4.306010007858276 38.55 2000
4.309998035430908 38.55 2000
4.313006639480591 38.55 2000
4.3161561489105225 38.55 2000
4.319143295288086 38.55 2000
4.321178436279297 38.55 2000
4.325130462646484 38.55 2000
4.327886343002319 38.55 2000
4.331199645996094 38.55 2000
4.333106279373169 38.54 2000
4.336229085922241 38.54 2000
4.340606451034546 38.54 2000
4.344225168228149 38.54 2000
4.347208023071289 38.54 2000
4.350202322006226 38.54 2000
4.354194641113281 38.54 2000
4.356225967407227 38.54 2000
4.359224081039429 38.54 2000
4.363216161727905 38.54 2000
4.3652355670928955 38.54 2000
4.368215560913086 38.54 2000
4.371255397796631 38.54 2000
4.374289035797119 38.53 2000
4.3782799243927 38.53 2000
4.381165266036987 38.53 2000
4.384160757064819 38.53 2000
4.388150215148926 38.53 2000
4.391141891479492 38.53 2000
4.395131587982178 38.53 2000
4.397157430648804 38.53 2000
4.401111602783203 38.53 2000
4.404104709625244 38.53 2000
4.40709924697876 38.53 2000
4.411088943481445 38.53 2000
4.414080381393433 38.53 2000
4.417070388793945 38.53 2000
4.420299291610718 38.53 2000
4.426086187362671 38.53 2000
4.430101633071899 38.53 2000
4.433034896850586 38.52 2000
4.436018228530884 38.52 2000
4.438540935516357 38.52 2000
4.442005395889282 38.52 2000
4.4464170932769775 38.52 2000
4.449323892593384 38.52 2000
4.452316761016846 38.52 2000
4.457671880722046 38.52 2000
4.460817575454712 38.52 2000
4.464651346206665 38.52 2000
4.468643665313721 38.52 2000
4.47163462638855 38.51 2000
4.474628210067749 38.51 2000
4.4779510498046875 38.51 2000
4.4810569286346436 38.51 2000
4.48410177230835 38.51 2000
4.487257957458496 38.51 2000
4.491135120391846 38.51 2000
4.49317741394043 38.51 2000
4.496341705322266 38.51 2000
4.49934196472168 38.51 2000
4.502331972122192 38.51 2000
4.5053253173828125 38.51 2000
4.509379148483276 38.51 2000
4.5133445262908936 38.5 2000
4.516298055648804 38.5 2000
4.519286632537842 38.5 2000
4.522884845733643 38.5 2000
4.5259222984313965 38.5 2000
4.528921365737915 38.5 2000
4.531867504119873 38.5 2000
4.535924196243286 38.5 2000
4.538891315460205 38.5 2000
4.541986703872681 38.5 2000
4.544947862625122 38.5 2000
4.54800271987915 38.5 2000
4.5509796142578125 38.5 2000
4.553967237472534 38.5 2000
4.556553602218628 38.5 2000
4.560777425765991 38.5 2000
4.5656468868255615 38.5 2000
4.568182945251465 38.5 2000
4.5711510181427 38.49 2000
4.575148820877075 38.49 2000
4.578136682510376 38.49 2000
4.582123756408691 38.49 2000
4.585139513015747 38.49 2000
4.588034152984619 38.49 2000
4.591068506240845 38.49 2000
4.594019174575806 38.49 2000
4.598124265670776 38.49 2000
4.601202964782715 38.49 2000
4.604106903076172 38.49 2000
4.6064207553863525 38.49 2000
4.610438346862793 38.49 2000
4.613322496414185 38.49 2000
4.616311550140381 38.49 2000
4.619329929351807 38.49 2000
4.6222984790802 38.49 2000
4.625344753265381 38.49 2000
4.628281116485596 38.49 2000
4.631315469741821 38.48 2000
4.634263753890991 38.48 2000
4.637357950210571 38.48 2000
4.64024806022644 38.48 2000
4.645364999771118 38.48 2000
4.649647235870361 38.48 2000
4.652908086776733 38.48 2000
4.656292200088501 38.48 2000
4.660430192947388 38.48 2000
4.663289308547974 38.48 2000
4.666316747665405 38.48 2000
4.670578241348267 38.48 2000
4.675310134887695 38.48 2000
4.6782495975494385 38.48 2000
4.6812424659729 38.48 2000
4.685230731964111 38.48 2000
4.689216375350952 38.48 2000
4.692267417907715 38.47 2000
4.695262670516968 38.47 2000
4.698196172714233 38.47 2000
4.702182054519653 38.47 2000
4.707302808761597 38.47 2000
4.710502624511719 38.47 2000
4.713363885879517 38.47 2000
4.716411352157593 38.47 2000
4.72139835357666 38.47 2000
4.724503517150879 38.47 2000
4.72794246673584 38.47 2000
4.7303736209869385 38.46 2000
4.733367919921875 38.46 2000
4.73835301399231 38.46 2000
4.741374969482422 38.46 2000
4.744481086730957 38.46 2000
4.747334003448486 38.46 2000
4.750322580337524 38.46 2000
4.753326654434204 38.46 2000
4.756304502487183 38.46 2000
4.759450435638428 38.46 2000
4.7622904777526855 38.46 2000
4.7662763595581055 38.46 2000
4.770473957061768 38.46 2000
4.773299932479858 38.46 2000
4.77690863609314 38.46 2000
4.779776334762573 38.46 2000
4.783233165740967 38.46 2000
4.786512851715088 38.46 2000
4.789469957351685 38.45 2000
4.792492628097534 38.45 2000
4.795449256896973 38.45 2000
4.799432992935181 38.45 2000
4.802483081817627 38.45 2000
4.806002378463745 38.45 2000
4.8099751472473145 38.45 2000
4.812994718551636 38.45 2000
4.8159942626953125 38.45 2000
4.818953990936279 38.45 2000
4.821938991546631 38.45 2000
4.82493257522583 38.45 2000
4.827961206436157 38.45 2000
4.832947254180908 38.44 2000
4.836064577102661 38.44 2000
4.83905291557312 38.44 2000
4.842005491256714 38.44 2000
4.844996690750122 38.44 2000
4.848011016845703 38.44 2000
4.851020097732544 38.44 2000
4.854011297225952 38.44 2000
4.857054948806763 38.44 2000
4.8599512577056885 38.44 2000
4.863976240158081 38.44 2000
4.866936922073364 38.44 2000
4.869927883148193 38.44 2000
4.872919082641602 38.44 2000
4.876270294189453 38.44 2000
4.879316091537476 38.44 2000
4.883141994476318 38.44 2000
4.887341022491455 38.43 2000
4.891293287277222 38.43 2000
4.894822597503662 38.43 2000
4.897966623306274 38.43 2000
4.900959014892578 38.43 2000
4.903986692428589 38.43 2000
4.907085180282593 38.43 2000
4.910925626754761 38.43 2000
4.913917779922485 38.43 2000
4.916909217834473 38.43 2000
4.9199059009552 38.43 2000
4.922929286956787 38.43 2000
4.92688512802124 38.42 2000
4.930880308151245 38.42 2000
4.933913946151733 38.42 2000
4.936899185180664 38.42 2000
4.940851449966431 38.42 2000
4.943963050842285 38.42 2000
4.9469616413116455 38.42 2000
4.949863433837891 38.42 2000
4.952852964401245 38.42 2000
4.955806016921997 38.42 2000
4.958833932876587 38.42 2000
4.961900949478149 38.42 2000
4.964928388595581 38.42 2000
4.9679553508758545 38.42 2000
4.971803665161133 38.42 2000
4.974921464920044 38.42 2000
4.977843523025513 38.42 2000
4.9808385372161865 38.42 2000
4.984827756881714 38.41 2000
4.989079713821411 38.41 2000
4.992075204849243 38.41 2000
4.99506950378418 38.41 2000
4.998162746429443 38.41 2000
5.002190828323364 38.41 2000
5.006324529647827 38.41 2000