
0.004049777984619141 38.41 2000
0.007192134857177734 38.41 2000
0.010885477066040039 38.41 2000
0.01407003402709961 38.41 2000
0.01703333854675293 38.4 2000
0.02089381217956543 38.4 2000
0.022853851318359375 38.4 2000
0.027899980545043945 38.4 2000
0.030867815017700195 38.4 2000
0.033869266510009766 38.4 2000
0.037839651107788086 38.4 2000
0.03995633125305176 38.4 2000
0.04293990135192871 38.4 2000
0.04589557647705078 38.4 2000
0.048897743225097656 38.4 2000
0.05284261703491211 38.4 2000
0.05582761764526367 38.4 2000
0.05971026420593262 38.39 2000
0.06281900405883789 38.39 2000
0.07536578178405762 38.39 2000
0.07846593856811523 38.39 2000
0.08139276504516602 38.39 2000
0.08440351486206055 38.39 2000
0.08741164207458496 38.39 2000
0.0902402400970459 38.39 2000
0.09325695037841797 38.39 2000
0.09609413146972656 38.39 2000
0.09964847564697266 38.39 2000
0.10260558128356934 38.39 2000
0.10566568374633789 38.39 2000
0.10863542556762695 38.39 2000
0.11175179481506348 38.39 2000
0.11474037170410156 38.39 2000
0.11776232719421387 38.38 2000
0.12272191047668457 38.38 2000
0.12571239471435547 38.38 2000
0.12870454788208008 38.38 2000
0.13169527053833008 38.38 2000
0.13473224639892578 38.38 2000
0.13867759704589844 38.38 2000
0.14167213439941406 38.38 2000
0.14466309547424316 38.38 2000
0.14769220352172852 38.38 2000
0.15068912506103516 38.38 2000
0.1546316146850586 38.38 2000
0.15775656700134277 38.37 2000
0.16062140464782715 38.37 2000
0.16460895538330078 38.37 2000
0.1676044464111328 38.37 2000
0.1707000732421875 38.37 2000
0.1746838092803955 38.37 2000
0.17768573760986328 38.37 2000
0.18072175979614258 38.37 2000
0.18569302558898926 38.37 2000
0.18868684768676758 38.37 2000
0.19176006317138672 38.37 2000
0.19470834732055664 38.37 2000
0.19770002365112305 38.36 2000
0.2098526954650879 38.36 2000
0.21285772323608398 38.36 2000
0.2178049087524414 38.36 2000
0.22011828422546387 38.36 2000
0.2232520580291748 38.36 2000
0.22678232192993164 38.36 2000
0.22977066040039062 38.36 2000
0.2337656021118164 38.36 2000
0.23686480522155762 38.36 2000
0.23878812789916992 38.36 2000
0.24273943901062012 38.36 2000
0.2457890510559082 38.36 2000
0.24964118003845215 38.36 2000
0.25260281562805176 38.36 2000
0.2555978298187256 38.35 2000
0.2586710453033447 38.35 2000
0.2615797519683838 38.35 2000
0.2655978202819824 38.35 2000
0.26859450340270996 38.35 2000
0.27158141136169434 38.35 2000
0.2746086120605469 38.35 2000
0.27753758430480957 38.35 2000
0.2818293571472168 38.35 2000
0.2839694023132324 38.35 2000
0.2871091365814209 38.35 2000
0.29034948348999023 38.35 2000
0.2940480709075928 38.35 2000
0.29726481437683105 38.35 2000
0.30009031295776367 38.35 2000
0.30312585830688477 38.35 2000
0.30620336532592773 38.35 2000
0.30907750129699707 38.35 2000
0.3140542507171631 38.34 2000
0.31609439849853516 38.34 2000
0.31965208053588867 38.34 2000
0.3226594924926758 38.34 2000
0.32570385932922363 38.34 2000
0.3287043571472168 38.34 2000
0.3316380977630615 38.34 2000
0.33463430404663086 38.34 2000
0.337587833404541 38.34 2000
0.34157371520996094 38.34 2000
0.34556150436401367 38.34 2000
0.349611759185791 38.34 2000
0.35352540016174316 38.33 2000
0.35851621627807617 38.33 2000
0.3616487979888916 38.33 2000
0.3646430969238281 38.33 2000
0.36772751808166504 38.33 2000
0.3707904815673828 38.33 2000
0.3756875991821289 38.33 2000
0.3786783218383789 38.33 2000
0.38171911239624023 38.33 2000
0.38466382026672363 38.33 2000
0.38770198822021484 38.33 2000
0.3901236057281494 38.33 2000
0.39406418800354004 38.33 2000
0.3978409767150879 38.33 2000
0.39999866485595703 38.33 2000
0.4049835205078125 38.33 2000
0.4089674949645996 38.33 2000
0.4129147529602051 38.32 2000
0.415116548538208 38.32 2000
0.41889500617980957 38.32 2000
0.4219799041748047 38.32 2000
0.4249727725982666 38.32 2000
0.428987979888916 38.32 2000
0.43154191970825195 38.32 2000
0.4345262050628662 38.32 2000
0.43752336502075195 38.32 2000
0.4405176639556885 38.32 2000
0.44350242614746094 38.32 2000
0.4464993476867676 38.32 2000
0.44948649406433105 38.32 2000
0.45447826385498047 38.31 2000
0.457472562789917 38.31 2000
0.4604647159576416 38.31 2000
0.4634523391723633 38.31 2000
0.4664421081542969 38.31 2000
0.4701817035675049 38.31 2000
0.4731404781341553 38.31 2000
0.4761812686920166 38.31 2000
0.4797704219818115 38.31 2000
0.4828331470489502 38.31 2000
0.4857170581817627 38.31 2000
0.48870849609375 38.31 2000
0.49170374870300293 38.3 2000
0.49472951889038086 38.3 2000
0.49768900871276855 38.3 2000
0.5016763210296631 38.3 2000
0.5046646595001221 38.3 2000
0.5076620578765869 38.3 2000
0.510688066482544 38.3 2000
0.5156354904174805 38.3 2000
0.5186312198638916 38.3 2000
0.5216221809387207 38.3 2000
0.5246133804321289 38.3 2000
0.5276038646697998 38.3 2000
0.5317974090576172 38.3 2000
0.534722089767456 38.3 2000
0.537672758102417 38.3 2000
0.5400211811065674 38.3 2000
0.5449867248535156 38.3 2000
0.5471303462982178 38.3 2000
0.5509345531463623 38.29 2000
0.5540854930877686 38.29 2000
0.5579149723052979 38.29 2000
0.5628976821899414 38.29 2000
0.5658979415893555 38.29 2000
0.569556474685669 38.29 2000
0.5725705623626709 38.29 2000
0.5775661468505859 38.29 2000
0.5801711082458496 38.29 2000
0.5831272602081299 38.29 2000
0.5861585140228271 38.29 2000
0.5891120433807373 38.28 2000
0.5936830043792725 38.28 2000
0.5968465805053711 38.28 2000
0.5997025966644287 38.28 2000
0.6027300357818604 38.28 2000
0.6086876392364502 38.28 2000
0.611701488494873 38.28 2000
0.6148290634155273 38.28 2000
0.6176958084106445 38.28 2000
0.6206119060516357 38.28 2000
0.62359619140625 38.28 2000
0.6267194747924805 38.28 2000
0.6295871734619141 38.28 2000
0.6325764656066895 38.28 2000
0.6355674266815186 38.28 2000
0.6385602951049805 38.28 2000
0.6416752338409424 38.28 2000
0.6446125507354736 38.28 2000
0.6476037502288818 38.27 2000
0.6506075859069824 38.27 2000
0.6546380519866943 38.27 2000
0.6585831642150879 38.27 2000
0.6615781784057617 38.27 2000
0.6665992736816406 38.27 2000
0.6705541610717773 38.27 2000
0.6745421886444092 38.27 2000
0.6775360107421875 38.27 2000
0.6808614730834961 38.27 2000
0.6857812404632568 38.27 2000
0.6888506412506104 38.27 2000
0.6917662620544434 38.27 2000
0.6957485675811768 38.27 2000
0.6999657154083252 38.27 2000
0.703010082244873 38.27 2000
0.706946611404419 38.26 2000
0.710731029510498 38.26 2000
0.7157101631164551 38.26 2000
0.7187089920043945 38.26 2000
0.7217381000518799 38.26 2000
0.724694013595581 38.26 2000
0.7307929992675781 38.26 2000
0.7339398860931396 38.26 2000
0.7378151416778564 38.26 2000
0.7408041954040527 38.26 2000
0.746751070022583 38.25 2000
0.7497785091400146 38.25 2000
0.7537715435028076 38.25 2000
0.7567870616912842 38.25 2000
0.7597100734710693 38.25 2000
0.7637417316436768 38.25 2000
0.7666966915130615 38.25 2000
0.7697572708129883 38.25 2000
0.7735834121704102 38.25 2000
0.7786059379577637 38.25 2000
0.781658411026001 38.25 2000
0.7846822738647461 38.25 2000
0.7876911163330078 38.25 2000
0.7907781600952148 38.25 2000
0.7946159839630127 38.25 2000
0.7986116409301758 38.25 2000
0.8027935028076172 38.25 2000
0.8064601421356201 38.24 2000
0.8098137378692627 38.24 2000
0.8127708435058594 38.24 2000
0.8157656192779541 38.24 2000
0.8187954425811768 38.24 2000
0.8217735290527344 38.24 2000
0.8257625102996826 38.24 2000
0.8288092613220215 38.24 2000
0.8317945003509521 38.24 2000
0.8347418308258057 38.24 2000
0.8377697467803955 38.24 2000
0.8417584896087646 38.24 2000
0.8457081317901611 38.24 2000
0.8499574661254883 38.24 2000
0.8538570404052734 38.24 2000
0.8578479290008545 38.24 2000
0.8608388900756836 38.24 2000
0.8648302555084229 38.23 2000
0.8688127994537354 38.23 2000
0.8728606700897217 38.23 2000
0.8758509159088135 38.23 2000
0.8788425922393799 38.23 2000
0.8813867568969727 38.23 2000
0.8862888813018799 38.23 2000
0.8897683620452881 38.23 2000
0.8927347660064697 38.23 2000
0.8967263698577881 38.23 2000
0.8997194766998291 38.23 2000
0.9033224582672119 38.22 2000
0.906320333480835 38.22 2000
0.909311056137085 38.22 2000
0.9133329391479492 38.22 2000
0.9172952175140381 38.22 2000
0.9203782081604004 38.22 2000
0.9234957695007324 38.22 2000
0.9263792037963867 38.22 2000
0.9303524494171143 38.22 2000
0.9358627796173096 38.22 2000
0.9383244514465332 38.22 2000
0.9423122406005859 38.22 2000
0.9463076591491699 38.22 2000
0.9502913951873779 38.22 2000
0.9542858600616455 38.22 2000
0.9573183059692383 38.22 2000
0.9612705707550049 38.22 2000
0.9670138359069824 38.21 2000
0.9702434539794922 38.21 2000
0.9752254486083984 38.21 2000
0.9792137145996094 38.21 2000
0.9827916622161865 38.21 2000
0.9857907295227051 38.21 2000
0.9899203777313232 38.21 2000
0.9928464889526367 38.21 2000
0.9978368282318115 38.21 2000
1.0008668899536133 38.2 2000
1.0048222541809082 38.2 2000
1.0078134536743164 38.2 2000
1.0108013153076172 38.2 2000
1.0148003101348877 38.2 2000
1.0187852382659912 38.2 2000
1.0217740535736084 38.2 2000
1.0247669219970703 38.2 2000
1.0297532081604004 38.2 2000
1.0337448120117188 38.2 2000
1.0367331504821777 38.2 2000
1.0397627353668213 38.2 2000
1.0427112579345703 38.2 2000
1.046708345413208 38.2 2000
1.0498874187469482 38.2 2000
1.0528790950775146 38.2 2000
1.0558702945709229 38.2 2000
1.0618565082550049 38.19 2000
1.06489896774292 38.19 2000
1.0678417682647705 38.19 2000
1.070836067199707 38.19 2000
1.0748217105865479 38.19 2000
1.0788111686706543 38.19 2000
1.081803560256958 38.19 2000
1.0848498344421387 38.19 2000
1.0877885818481445 38.19 2000
1.0917768478393555 38.19 2000
1.095763921737671 38.19 2000
1.0997200012207031 38.18 2000
1.1037070751190186 38.18 2000
1.1076672077178955 38.18 2000
1.1110167503356934 38.18 2000
1.1136994361877441 38.18 2000
1.1166441440582275 38.18 2000
1.119638442993164 38.18 2000
1.1226286888122559 38.18 2000
1.1256234645843506 38.18 2000
1.1289396286010742 38.18 2000
1.1316041946411133 38.18 2000
1.134856939315796 38.18 2000
1.1387031078338623 38.18 2000
1.1427545547485352 38.18 2000
1.1457626819610596 38.18 2000
1.148921012878418 38.18 2000
1.1546893119812012 38.18 2000
1.158686637878418 38.17 2000
1.1617612838745117 38.17 2000
1.164748191833496 38.17 2000
1.1700518131256104 38.17 2000
1.1730833053588867 38.17 2000
1.1769800186157227 38.17 2000
1.1799726486206055 38.17 2000
1.1859557628631592 38.17 2000
1.1889848709106445 38.17 2000
1.1919443607330322 38.17 2000
1.1943373680114746 38.17 2000
1.1989216804504395 38.17 2000
1.2021801471710205 38.17 2000
1.2053558826446533 38.17 2000
1.208132266998291 38.17 2000
1.2112765312194824 38.17 2000
1.217158555984497 38.17 2000
1.2210943698883057 38.16 2000
1.2252745628356934 38.16 2000
1.2290782928466797 38.16 2000
1.2331535816192627 38.16 2000
1.2361671924591064 38.16 2000
1.2390916347503662 38.16 2000
1.2430641651153564 38.16 2000
1.2470219135284424 38.16 2000
1.2500135898590088 38.16 2000
1.2530372142791748 38.16 2000
1.257990837097168 38.16 2000
1.263254165649414 38.16 2000
1.267000436782837 38.16 2000
1.268965721130371 38.16 2000
1.2739500999450684 38.16 2000
1.2789549827575684 38.15 2000
1.2813124656677246 38.15 2000
1.2852356433868408 38.15 2000
1.2882030010223389 38.15 2000
1.2932848930358887 38.15 2000
1.2962543964385986 38.15 2000
1.2998809814453125 38.15 2000
1.3028364181518555 38.15 2000
1.305830717086792 38.15 2000
1.3089029788970947 38.15 2000
1.3118515014648438 38.15 2000
1.3148367404937744 38.15 2000
1.317833662033081 38.15 2000
1.320791244506836 38.15 2000
1.3247790336608887 38.15 2000
1.3278019428253174 38.15 2000
1.3308348655700684 38.15 2000
1.333754539489746 38.15 2000
1.3387513160705566 38.14 2000
1.3417325019836426 38.14 2000
1.344726324081421 38.14 2000
1.347801923751831 38.14 2000
1.350721836090088 38.14 2000
1.3548376560211182 38.14 2000
1.357698678970337 38.14 2000
1.3608648777008057 38.14 2000
1.3646996021270752 38.14 2000
1.3700823783874512 38.14 2000
1.3749651908874512 38.14 2000
1.3779985904693604 38.14 2000
1.380080223083496 38.14 2000
1.385129690170288 38.14 2000
1.3883957862854004 38.14 2000
1.391183853149414 38.14 2000
1.3942139148712158 38.14 2000
1.3981664180755615 38.13 2000
1.403144121170044 38.13 2000
1.4063870906829834 38.13 2000
1.4101769924163818 38.13 2000
1.4141454696655273 38.13 2000
1.4171473979949951 38.13 2000
1.420253038406372 38.13 2000
1.4243206977844238 38.13 2000
1.4272418022155762 38.13 2000
1.433452844619751 38.13 2000
1.436375379562378 38.13 2000
1.439208745956421 38.13 2000
1.4431965351104736 38.13 2000
1.4483144283294678 38.13 2000
1.4512443542480469 38.13 2000
1.4553122520446777 38.12 2000
1.4591453075408936 38.12 2000
1.4633398056030273 38.12 2000
1.4661860466003418 38.12 2000
1.469982385635376 38.12 2000
1.4730122089385986 38.12 2000
1.4787514209747314 38.12 2000
1.4817438125610352 38.12 2000
1.4848034381866455 38.12 2000
1.487727165222168 38.12 2000
1.4907188415527344 38.12 2000
1.4967191219329834 38.11 2000
1.500694751739502 38.11 2000
1.5050280094146729 38.11 2000
1.5096712112426758 38.11 2000
1.5136942863464355 38.11 2000
1.5166563987731934 38.11 2000
1.5198163986206055 38.11 2000
1.5227270126342773 38.11 2000
1.5257258415222168 38.11 2000
1.5287482738494873 38.11 2000
1.5317485332489014 38.11 2000
1.5356972217559814 38.11 2000
1.5386929512023926 38.11 2000
1.5416853427886963 38.11 2000
1.5446760654449463 38.11 2000
1.548710584640503 38.11 2000
1.551774263381958 38.11 2000
1.5547564029693604 38.1 2000
1.5577178001403809 38.1 2000
1.5607118606567383 38.1 2000
1.5637485980987549 38.1 2000
1.56669282913208 38.1 2000
1.569688081741333 38.1 2000
1.583773136138916 38.1 2000
1.5866403579711914 38.1 2000
1.5906410217285156 38.1 2000
1.5936627388000488 38.09 2000
1.597614049911499 38.09 2000
1.6006028652191162 38.09 2000
1.6055908203125 38.09 2000
1.6085841655731201 38.09 2000
1.6115765571594238 38.09 2000
1.6145691871643066 38.09 2000
1.6175599098205566 38.09 2000
1.620553731918335 38.09 2000
1.6235432624816895 38.09 2000
1.626537561416626 38.09 2000
1.629716157913208 38.09 2000
1.632688283920288 38.09 2000
1.6356778144836426 38.09 2000
1.6386709213256836 38.09 2000
1.641829013824463 38.09 2000
1.6457700729370117 38.09 2000
1.6518104076385498 38.09 2000
1.6557981967926025 38.08 2000
1.6599209308624268 38.08 2000
1.663910150527954 38.08 2000
1.667945146560669 38.08 2000
1.6709301471710205 38.08 2000
1.6738781929016113 38.08 2000
1.6769115924835205 38.08 2000
1.6796793937683105 38.08 2000
1.6836576461791992 38.08 2000
1.6876440048217773 38.08 2000
1.691884994506836 38.08 2000
1.6948761940002441 38.08 2000
1.6989057064056396 38.08 2000
1.7018578052520752 38.08 2000
1.7048890590667725 38.08 2000
1.7078447341918945 38.08 2000
1.7108368873596191 38.07 2000
1.714827060699463 38.07 2000
1.7178125381469727 38.07 2000
1.720804214477539 38.07 2000
1.7238848209381104 38.07 2000
1.726792573928833 38.07 2000
1.7308731079101562 38.07 2000
1.734666347503662 38.07 2000
1.7376563549041748 38.07 2000
1.7406525611877441 38.07 2000
1.7456765174865723 38.07 2000
1.7500925064086914 38.07 2000
1.7532281875610352 38.07 2000
1.7570083141326904 38.07 2000
1.7611067295074463 38.07 2000
1.766103744506836 38.07 2000
1.7698218822479248 38.07 2000
1.773688793182373 38.06 2000
1.777686357498169 38.06 2000
1.780799388885498 38.06 2000
1.7837085723876953 38.06 2000
1.7867064476013184 38.06 2000
1.789743423461914 38.06 2000
1.7937281131744385 38.06 2000
1.7967278957366943 38.06 2000
1.8006670475006104 38.06 2000
1.8052678108215332 38.06 2000
1.8086504936218262 38.06 2000
1.811643362045288 38.05 2000
1.8146708011627197 38.05 2000
1.8176674842834473 38.05 2000
1.8206193447113037 38.05 2000
1.824674129486084 38.05 2000
1.8277225494384766 38.05 2000
1.8308804035186768 38.05 2000
1.8346266746520996 38.05 2000
1.8375649452209473 38.05 2000
1.8416574001312256 38.05 2000
1.8530595302581787 38.05 2000
1.8570573329925537 38.05 2000
1.8600409030914307 38.05 2000
1.8630783557891846 38.05 2000
1.8660781383514404 38.05 2000
1.8719627857208252 38.05 2000
1.8749120235443115 38.05 2000
1.8780016899108887 38.05 2000
1.8809611797332764 38.05 2000
1.8839728832244873 38.05 2000
1.888007640838623 38.05 2000
1.8906886577606201 38.04 2000
1.8946781158447266 38.04 2000
1.897667646408081 38.04 2000
1.9006619453430176 38.04 2000
1.9036729335784912 38.04 2000
1.9066462516784668 38.04 2000
1.9096360206604004 38.04 2000
1.9136273860931396 38.04 2000
1.916619062423706 38.04 2000
1.9196596145629883 38.04 2000
1.9226038455963135 38.04 2000
1.925590991973877 38.04 2000
1.9286267757415771 38.03 2000
1.9315781593322754 38.03 2000
1.9355781078338623 38.03 2000
1.9402101039886475 38.03 2000
1.9441142082214355 38.03 2000
1.94809889793396 38.03 2000
1.9519214630126953 38.03 2000
1.9549477100372314 38.03 2000
1.9578652381896973 38.03 2000
1.960008144378662 38.03 2000
1.964994192123413 38.03 2000
1.9683125019073486 38.02 2000
1.9712283611297607 38.02 2000
1.974968671798706 38.02 2000
1.9780027866363525 38.02 2000
1.9810950756072998 38.02 2000
1.984083890914917 38.02 2000
1.9870755672454834 38.02 2000
1.990105390548706 38.02 2000
1.993107557296753 38.02 2000
1.9983413219451904 38.02 2000
2.00112247467041 38.02 2000
2.004457712173462 38.02 2000
2.0070602893829346 38.02 2000
2.012052059173584 38.02 2000
2.0151166915893555 38.02 2000
2.0182647705078125 38.02 2000
2.021157741546631 38.02 2000
2.0242483615875244 38.02 2000
2.0291333198547363 38.01 2000
2.03308367729187 38.01 2000
2.0371174812316895 38.01 2000
2.0413196086883545 38.01 2000
2.0443122386932373 38.01 2000
2.048426389694214 38.01 2000
2.0523154735565186 38.01 2000
2.0552172660827637 38.01 2000
2.063110589981079 38.01 2000
2.067160129547119 38.01 2000
2.070408821105957 38.01 2000
2.075361728668213 38.01 2000
2.078491687774658 38.01 2000
2.0813851356506348 38.01 2000
2.0844287872314453 38.01 2000
2.0873513221740723 38.0 2000
2.0916404724121094 38.0 2000
2.0947353839874268 38.0 2000
2.0976293087005615 38.0 2000
2.1006290912628174 38.0 2000
2.1056106090545654 38.0 2000
2.1086392402648926 38.0 2000
2.1117262840270996 38.0 2000
2.1146740913391113 38.0 2000
2.1186604499816895 38.0 2000
2.122823476791382 38.0 2000
2.125753402709961 38.0 2000
2.128708839416504 37.99 2000
2.1317365169525146 37.99 2000
2.1346933841705322 37.99 2000
2.1387171745300293 37.99 2000
2.1416749954223633 37.99 2000
2.1446633338928223 37.99 2000
2.147655963897705 37.99 2000
2.1506423950195312 37.99 2000
2.154682159423828 37.99 2000
2.1586251258850098 37.99 2000
2.1616194248199463 37.99 2000
2.1647262573242188 37.99 2000
2.167605400085449 37.99 2000
2.1705894470214844 37.99 2000
2.1735873222351074 37.99 2000
2.1765811443328857 37.99 2000
2.179611921310425 37.99 2000
2.182600975036621 37.99 2000
2.1865484714508057 37.98 2000
2.189546823501587 37.98 2000
2.1929233074188232 37.98 2000
2.196626663208008 37.98 2000
2.202512502670288 37.98 2000
2.2054994106292725 37.98 2000
2.2084927558898926 37.98 2000
2.212519884109497 37.98 2000
2.215512275695801 37.98 2000
2.218569755554199 37.98 2000
2.2213521003723145 37.98 2000
2.224346876144409 37.98 2000
2.2274370193481445 37.97 2000
2.230325937271118 37.97 2000
2.2343218326568604 37.97 2000
2.237316370010376 37.97 2000
2.2403464317321777 37.97 2000
2.2442915439605713 37.97 2000
2.249993324279785 37.97 2000
2.2529189586639404 37.97 2000
2.254911184310913 37.97 2000
2.2588984966278076 37.97 2000
2.2620198726654053 37.97 2000
2.267040967941284 37.97 2000
2.2712807655334473 37.97 2000
2.274243116378784 37.97 2000
2.2772679328918457 37.97 2000
2.2809691429138184 37.97 2000
2.2845184803009033 37.97 2000
2.288501739501953 37.96 2000
2.2931251525878906 37.96 2000
2.2965304851531982 37.96 2000
2.299104928970337 37.96 2000
2.30305814743042 37.96 2000
2.307049512863159 37.96 2000
2.31207275390625 37.96 2000
2.3140676021575928 37.96 2000
2.3180177211761475 37.96 2000
2.322046995162964 37.96 2000
2.3263163566589355 37.96 2000
2.32903790473938 37.96 2000
2.3320205211639404 37.96 2000
2.3349766731262207 37.96 2000
2.338003158569336 37.96 2000
2.3429524898529053 37.96 2000
2.3454060554504395 37.95 2000
2.3489365577697754 37.95 2000
2.351928234100342 37.95 2000
2.3539187908172607 37.95 2000
2.357912063598633 37.95 2000
2.360905170440674 37.95 2000
2.364966869354248 37.95 2000
2.367887258529663 37.95 2000
2.3699231147766113 37.95 2000
2.374868154525757 37.95 2000
2.3779072761535645 37.95 2000
2.3801238536834717 37.95 2000
2.385042667388916 37.95 2000
2.389064311981201 37.95 2000
2.392244338989258 37.95 2000
2.396050214767456 37.95 2000
2.3982598781585693 37.95 2000
2.401073455810547 37.95 2000
2.4042046070098877 37.94 2000
2.4071249961853027 37.94 2000
2.410325527191162 37.94 2000
2.4133381843566895 37.94 2000
2.4169342517852783 37.94 2000
2.4199459552764893 37.94 2000
2.421992778778076 37.94 2000
2.4251561164855957 37.94 2000
2.4279861450195312 37.94 2000
2.4309773445129395 37.94 2000
2.4353530406951904 37.94 2000
2.4389824867248535 37.94 2000
2.440904140472412 37.94 2000
2.4449291229248047 37.93 2000
2.448918581008911 37.93 2000
2.4518332481384277 37.93 2000
2.4548232555389404 37.93 2000
2.457773208618164 37.93 2000
2.4608583450317383 37.93 2000
2.4647977352142334 37.93 2000
2.4677512645721436 37.93 2000
2.4707818031311035 37.93 2000
2.4737374782562256 37.93 2000
2.476764678955078 37.93 2000
2.4798707962036133 37.93 2000
2.4828639030456543 37.93 2000
2.4860281944274902 37.93 2000
2.4888460636138916 37.93 2000
2.4918432235717773 37.93 2000
2.494833469390869 37.93 2000
2.4978671073913574 37.93 2000
2.500844955444336 37.93 2000
2.5038349628448486 37.92 2000
2.506802797317505 37.92 2000
2.509793996810913 37.92 2000
2.513826370239258 37.92 2000
2.5168066024780273 37.92 2000
2.519801378250122 37.92 2000
2.522796630859375 37.92 2000
2.526747226715088 37.92 2000
2.5297374725341797 37.92 2000
2.5327308177948 37.92 2000
2.5357582569122314 37.92 2000
2.5388388633728027 37.92 2000
2.5417096614837646 37.92 2000
2.5466930866241455 37.92 2000
2.5507285594940186 37.92 2000
2.5546679496765137 37.92 2000
2.559697151184082 37.92 2000
2.5626516342163086 37.91 2000
2.5656778812408447 37.91 2000
2.568631887435913 37.91 2000
2.5716629028320312 37.91 2000
2.5757381916046143 37.91 2000
2.578643560409546 37.91 2000
2.581634998321533 37.91 2000
2.5842204093933105 37.91 2000
2.5881640911102295 37.91 2000
2.592257261276245 37.91 2000
2.5951974391937256 37.91 2000
2.5991384983062744 37.91 2000
2.6031224727630615 37.91 2000
2.608111619949341 37.91 2000
2.611146926879883 37.91 2000
2.6147074699401855 37.91 2000
2.6172587871551514 37.91 2000
2.6201157569885254 37.9 2000
2.6231133937835693 37.9 2000
2.6261088848114014 37.9 2000
2.6297950744628906 37.9 2000
2.6328423023223877 37.9 2000
2.6357266902923584 37.9 2000
2.639800548553467 37.9 2000
2.642836570739746 37.9 2000
2.645785093307495 37.9 2000
2.648777723312378 37.9 2000
2.6517655849456787 37.9 2000
2.6547651290893555 37.9 2000
2.657759428024292 37.9 2000
2.6602447032928467 37.89 2000
2.6642661094665527 37.89 2000
2.6692514419555664 37.89 2000
2.6733617782592773 37.89 2000
2.676201105117798 37.89 2000
2.6799569129943848 37.89 2000
2.6828534603118896 37.89 2000
2.68593692779541 37.89 2000
2.688833236694336 37.89 2000
2.691119909286499 37.89 2000
2.6939215660095215 37.89 2000
2.6978602409362793 37.89 2000
2.701711893081665 37.89 2000
2.705700635910034 37.89 2000
2.7097835540771484 37.89 2000
2.7127532958984375 37.89 2000
2.717775583267212 37.89 2000
2.7217230796813965 37.88 2000
2.7257492542266846 37.88 2000
2.7287092208862305 37.88 2000
2.733741283416748 37.88 2000
2.737684965133667 37.88 2000
2.7408809661865234 37.88 2000
2.743795871734619 37.88 2000
2.748777151107788 37.88 2000
2.752314805984497 37.88 2000
2.756309986114502 37.88 2000
2.7600274085998535 37.87 2000
2.7639846801757812 37.87 2000
2.766975164413452 37.87 2000
2.7697298526763916 37.87 2000
2.7726898193359375 37.87 2000
2.775639295578003 37.87 2000
2.7796688079833984 37.87 2000
2.782839059829712 37.87 2000
2.7858946323394775 37.87 2000
2.7889184951782227 37.87 2000
2.791828155517578 37.87 2000
2.7958567142486572 37.87 2000
2.800112247467041 37.86 2000
2.8030993938446045 37.86 2000
2.806041955947876 37.86 2000
2.8093860149383545 37.86 2000
2.812978744506836 37.86 2000
2.8169643878936768 37.86 2000
2.8215348720550537 37.86 2000
2.8255276679992676 37.86 2000
2.8285560607910156 37.86 2000
2.831552028656006 37.86 2000
2.835496664047241 37.86 2000
2.838491916656494 37.85 2000
2.8415186405181885 37.85 2000
2.844851493835449 37.85 2000
2.84769868850708 37.85 2000
2.8505125045776367 37.85 2000
2.8534507751464844 37.85 2000
2.856445789337158 37.85 2000
2.859431505203247 37.85 2000
2.8634660243988037 37.85 2000
2.866568088531494 37.85 2000
2.8694443702697754 37.85 2000
2.872728109359741 37.85 2000
2.875680685043335 37.85 2000
2.8786733150482178 37.85 2000
2.881666660308838 37.85 2000
2.8847289085388184 37.85 2000
2.8886847496032715 37.85 2000
2.891754150390625 37.85 2000
2.8947458267211914 37.85 2000
2.8977537155151367 37.84 2000
2.9008421897888184 37.84 2000
2.9035980701446533 37.84 2000
2.906571388244629 37.84 2000
2.910539388656616 37.84 2000
2.9145286083221436 37.84 2000
2.919853925704956 37.84 2000
2.922760486602783 37.84 2000
2.9267823696136475 37.84 2000
2.9297709465026855 37.84 2000
2.9338021278381348 37.84 2000
2.9363067150115967 37.84 2000
2.9393904209136963 37.84 2000
2.9433417320251465 37.84 2000
2.9463486671447754 37.84 2000
2.9517598152160645 37.84 2000
2.954749345779419 37.83 2000
2.957742929458618 37.83 2000
2.9608325958251953 37.83 2000
2.964759349822998 37.83 2000
2.9677517414093018 37.83 2000
2.970745801925659 37.83 2000
2.9737398624420166 37.83 2000
2.9767322540283203 37.83 2000
2.9796829223632812 37.83 2000
2.982638120651245 37.83 2000
2.9856715202331543 37.83 2000
2.988710641860962 37.83 2000
2.9917118549346924 37.83 2000
2.9947078227996826 37.82 2000
2.998735189437866 37.82 2000
3.0017223358154297 37.82 2000
3.0047149658203125 37.82 2000
3.007793426513672 37.82 2000
3.0106630325317383 37.82 2000
3.0146515369415283 37.82 2000
3.017681360244751 37.82 2000
3.020995855331421 37.82 2000
3.0237557888031006 37.82 2000
3.026620388031006 37.82 2000
3.0306107997894287 37.82 2000
3.0345985889434814 37.82 2000
3.0376360416412354 37.82 2000
3.0406811237335205 37.82 2000
3.043567657470703 37.82 2000
3.04656720161438 37.82 2000
3.049907684326172 37.82 2000
3.052100419998169 37.82 2000
3.055941581726074 37.81 2000
3.058892250061035 37.81 2000
3.062931537628174 37.81 2000
3.0669102668762207 37.81 2000
3.071165084838867 37.81 2000
3.074160099029541 37.81 2000
3.0771727561950684 37.81 2000
3.0801782608032227 37.81 2000
3.0846567153930664 37.81 2000
3.089498281478882 37.81 2000
3.092334032058716 37.81 2000
3.0953540802001953 37.8 2000
3.0980517864227295 37.8 2000
3.10202956199646 37.8 2000
3.104353189468384 37.8 2000
3.10701584815979 37.8 2000
3.110780715942383 37.8 2000
3.1147677898406982 37.8 2000
3.118752956390381 37.8 2000
3.122779369354248 37.8 2000
3.125739574432373 37.8 2000
3.1287269592285156 37.8 2000
3.131722927093506 37.8 2000
3.1347148418426514 37.8 2000
3.1387128829956055 37.8 2000
3.1428658962249756 37.8 2000
3.1468753814697266 37.8 2000
3.1508078575134277 37.8 2000
3.1548478603363037 37.79 2000
3.1577913761138916 37.79 2000
3.1608309745788574 37.79 2000
3.1635758876800537 37.79 2000
3.16652774810791 37.79 2000
3.170550584793091 37.79 2000
3.1745049953460693 37.79 2000
3.1776556968688965 37.79 2000
3.1805312633514404 37.79 2000
3.1845932006835938 37.79 2000
3.1875851154327393 37.79 2000
3.1907615661621094 37.79 2000
3.193626642227173 37.78 2000
3.1966583728790283 37.78 2000
3.2006452083587646 37.78 2000
3.20470929145813 37.78 2000
3.2075889110565186 37.78 2000
3.210862636566162 37.78 2000
3.213794231414795 37.78 2000
3.217599868774414 37.78 2000
3.2215476036071777 37.78 2000
3.2255852222442627 37.78 2000
3.2295756340026855 37.78 2000
3.232522964477539 37.78 2000
3.2355172634124756 37.78 2000
3.238635778427124 37.78 2000
3.241497755050659 37.78 2000
3.2448251247406006 37.78 2000
3.247520685195923 37.78 2000
3.250427722930908 37.77 2000
3.254394054412842 37.77 2000
3.2583842277526855 37.77 2000
3.26336669921875 37.77 2000
3.266646385192871 37.77 2000
3.269390106201172 37.77 2000
3.2723469734191895 37.77 2000
3.2755587100982666 37.77 2000
3.280097007751465 37.77 2000
3.2826590538024902 37.77 2000
3.285719394683838 37.77 2000
3.288703203201294 37.77 2000
3.291611433029175 37.76 2000
3.2946059703826904 37.76 2000
3.297635555267334 37.76 2000
3.3000683784484863 37.76 2000
3.3049821853637695 37.76 2000
3.3104255199432373 37.76 2000
3.315153121948242 37.76 2000
3.3191823959350586 37.76 2000
3.322396755218506 37.76 2000
3.3253891468048096 37.76 2000
3.329580783843994 37.76 2000
3.333500385284424 37.76 2000
3.3365211486816406 37.76 2000
3.3404784202575684 37.76 2000
3.343507766723633 37.76 2000
3.3467459678649902 37.76 2000
3.349490165710449 37.75 2000
3.354597568511963 37.75 2000
3.357578992843628 37.75 2000
3.3606436252593994 37.75 2000
3.364558696746826 37.75 2000
3.3695478439331055 37.75 2000
3.372529983520508 37.75 2000
3.37656569480896 37.75 2000
3.3799171447753906 37.75 2000
3.3818647861480713 37.75 2000
3.386089563369751 37.75 2000
3.3889853954315186 37.74 2000
3.391014814376831 37.74 2000
3.3950226306915283 37.74 2000
3.3970084190368652 37.74 2000
3.401122570037842 37.74 2000
3.4039173126220703 37.74 2000
3.4069876670837402 37.74 2000
3.4100561141967773 37.74 2000
3.4149839878082275 37.74 2000
3.4179701805114746 37.74 2000
3.4201529026031494 37.74 2000
3.4241011142730713 37.74 2000
3.4290966987609863 37.74 2000
3.4322071075439453 37.74 2000
3.4352540969848633 37.74 2000
3.4387295246124268 37.74 2000
3.442128896713257 37.74 2000
3.445333957672119 37.74 2000
3.4481635093688965 37.73 2000
3.4511494636535645 37.73 2000
3.4542040824890137 37.73 2000
3.457092046737671 37.73 2000
3.4608511924743652 37.73 2000
3.4648780822753906 37.73 2000
3.467869758605957 37.73 2000
3.4701902866363525 37.73 2000
3.4742887020111084 37.73 2000
3.479203701019287 37.73 2000
3.483118772506714 37.73 2000
3.4871110916137695 37.73 2000
3.4902830123901367 37.73 2000
3.494328498840332 37.73 2000
3.4973981380462646 37.73 2000
3.500307321548462 37.73 2000
3.503312110900879 37.73 2000
3.506253242492676 37.73 2000
3.5103659629821777 37.72 2000
3.5142955780029297 37.72 2000
3.5172884464263916 37.72 2000
3.520235061645508 37.72 2000
3.5257692337036133 37.72 2000
3.5282652378082275 37.72 2000
3.53163743019104 37.72 2000
3.5345945358276367 37.72 2000
3.5375852584838867 37.72 2000
3.5416126251220703 37.72 2000
3.5455615520477295 37.72 2000
3.549975633621216 37.72 2000
3.553950309753418 37.72 2000
3.5561623573303223 37.72 2000
3.5598976612091064 37.72 2000
3.5638134479522705 37.72 2000
3.5668118000030518 37.71 2000
3.5717661380767822 37.71 2000
3.5747997760772705 37.71 2000
3.5777511596679688 37.71 2000
3.5809195041656494 37.71 2000
3.5844616889953613 37.71 2000
3.5884475708007812 37.71 2000
3.5914387702941895 37.71 2000
3.5954196453094482 37.71 2000
3.598569393157959 37.71 2000
3.6024093627929688 37.71 2000
3.605802059173584 37.71 2000
3.6083927154541016 37.7 2000
3.6117513179779053 37.7 2000
3.614736795425415 37.7 2000
3.6196300983428955 37.7 2000
3.6226396560668945 37.7 2000
3.6255943775177 37.7 2000
3.628619432449341 37.7 2000
3.6317834854125977 37.7 2000
3.635819673538208 37.7 2000
3.6387643814086914 37.7 2000
3.6417932510375977 37.7 2000
3.6447501182556152 37.7 2000
3.648735761642456 37.7 2000
3.65173077583313 37.7 2000
3.6548056602478027 37.7 2000
3.657714366912842 37.7 2000
3.660857915878296 37.7 2000
3.664863348007202 37.7 2000
3.6742143630981445 37.7 2000
3.6773719787597656 37.7 2000
3.682194471359253 37.7 2000
3.685225248336792 37.69 2000
3.6882123947143555 37.69 2000
3.691319227218628 37.69 2000
3.694201946258545 37.69 2000
3.6983072757720947 37.69 2000
3.7013585567474365 37.69 2000
3.7041714191436768 37.69 2000
3.707129716873169 37.69 2000
3.711155891418457 37.69 2000
3.714104175567627 37.69 2000
3.7171504497528076 37.69 2000
3.720252513885498 37.69 2000
3.724498748779297 37.69 2000
3.7296104431152344 37.68 2000
3.7328083515167236 37.68 2000
3.736579179763794 37.68 2000
3.740633726119995 37.68 2000
3.7455155849456787 37.68 2000
3.748659372329712 37.68 2000
3.7515437602996826 37.68 2000
3.7544963359832764 37.68 2000
3.7574901580810547 37.68 2000
3.760948419570923 37.68 2000
3.764932632446289 37.68 2000
3.7688827514648438 37.68 2000
3.772395372390747 37.68 2000
3.775411605834961 37.68 2000
3.778380870819092 37.68 2000
3.781935214996338 37.68 2000
3.784822702407837 37.67 2000
3.7878172397613525 37.67 2000
3.791804075241089 37.67 2000
3.7947983741760254 37.67 2000
3.797825336456299 37.67 2000
3.8007726669311523 37.67 2000
3.8037736415863037 37.67 2000
3.807793378829956 37.67 2000
3.8108372688293457 37.67 2000
3.813781976699829 37.67 2000
3.8167812824249268 37.67 2000
3.8197617530822754 37.67 2000
3.8237192630767822 37.67 2000
3.826751708984375 37.67 2000
3.8297393321990967 37.67 2000
3.832730770111084 37.67 2000
3.8386831283569336 37.67 2000
3.8427064418792725 37.67 2000
3.8466806411743164 37.66 2000
3.850712776184082 37.66 2000
3.8536407947540283 37.66 2000
3.856668472290039 37.66 2000
3.8599746227264404 37.66 2000
3.8626158237457275 37.66 2000
3.866602897644043 37.66 2000
3.8696353435516357 37.66 2000
3.8725876808166504 37.66 2000
3.875666618347168 37.66 2000
3.8785722255706787 37.66 2000
3.882559061050415 37.66 2000
3.885770082473755 37.66 2000
3.8887999057769775 37.66 2000
3.8919692039489746 37.66 2000
3.894901990890503 37.66 2000
3.8996684551239014 37.66 2000
3.902625799179077 37.65 2000
3.9057090282440186 37.65 2000
3.909865617752075 37.65 2000
3.912754774093628 37.65 2000
3.9167933464050293 37.65 2000
3.9207732677459717 37.65 2000
3.924722194671631 37.65 2000
3.927753210067749 37.65 2000
3.9317235946655273 37.65 2000
3.935689926147461 37.65 2000
3.939685821533203 37.65 2000
3.943674087524414 37.65 2000
3.9467124938964844 37.65 2000
3.9496583938598633 37.65 2000
3.9526455402374268 37.65 2000
3.956639051437378 37.65 2000
3.9616265296936035 37.64 2000
3.964653968811035 37.64 2000
3.9676079750061035 37.64 2000
3.9705467224121094 37.64 2000
3.9736971855163574 37.64 2000
3.976534366607666 37.64 2000
3.9795265197753906 37.64 2000
3.9825150966644287 37.64 2000
3.985508680343628 37.64 2000
3.989837884902954 37.64 2000
3.992767095565796 37.64 2000
3.9957265853881836 37.64 2000
3.9987213611602783 37.64 2000
4.001716136932373 37.64 2000
4.006838321685791 37.64 2000
4.0096845626831055 37.64 2000
4.01267671585083 37.64 2000
4.015669345855713 37.64 2000
4.018666744232178 37.64 2000
4.022434234619141 37.63 2000
4.025481462478638 37.63 2000
4.028435707092285 37.63 2000
4.031721115112305 37.63 2000
4.034712791442871 37.63 2000
4.037703275680542 37.63 2000
4.040694713592529 37.63 2000
4.043684005737305 37.63 2000
4.0466766357421875 37.63 2000
4.049673795700073 37.63 2000
4.0537004470825195 37.63 2000
4.056651830673218 37.63 2000
4.059646129608154 37.63 2000
4.062824487686157 37.63 2000
4.066664218902588 37.63 2000
4.069619417190552 37.63 2000
4.072745084762573 37.63 2000
4.0757362842559814 37.63 2000
4.0785908699035645 37.63 2000
4.081669807434082 37.63 2000
4.08554482460022 37.63 2000
4.0896782875061035 37.63 2000
4.093611001968384 37.63 2000
4.097598552703857 37.63 2000
4.101542234420776 37.62 2000
4.105036973953247 37.62 2000
4.107580661773682 37.62 2000
4.110519886016846 37.62 2000
4.113509893417358 37.62 2000
4.11653733253479 37.62 2000
4.1194939613342285 37.62 2000
4.123484134674072 37.62 2000
4.126475811004639 37.62 2000
4.129633188247681 37.62 2000
4.132607460021973 37.62 2000
4.135756731033325 37.62 2000
4.138707876205444 37.62 2000
4.141604661941528 37.62 2000
4.144576549530029 37.62 2000
4.147568225860596 37.62 2000
4.150559902191162 37.62 2000
4.153552293777466 37.62 2000
4.156543970108032 37.62 2000
4.159626007080078 37.61 2000
4.162656784057617 37.61 2000
4.165609836578369 37.61 2000
4.168782949447632 37.61 2000
4.171630382537842 37.61 2000
4.174584627151489 37.61 2000
4.178627014160156 37.61 2000
4.181569337844849 37.61 2000
4.184643268585205 37.61 2000
4.187769889831543 37.61 2000
4.190541982650757 37.61 2000
4.194532871246338 37.61 2000
4.197560548782349 37.61 2000
4.20051908493042 37.61 2000
4.204543590545654 37.61 2000
4.210529088973999 37.61 2000
4.2145164012908936 37.61 2000
4.218505620956421 37.61 2000
4.223578453063965 37.61 2000
4.226775884628296 37.61 2000
4.229678630828857 37.61 2000
4.232589483261108 37.61 2000
4.235653400421143 37.61 2000
4.238611221313477 37.6 2000
4.243558406829834 37.6 2000
4.246509790420532 37.6 2000
4.249542474746704 37.6 2000
4.252741575241089 37.6 2000
4.257480144500732 37.6 2000
4.2608747482299805 37.6 2000
4.264460802078247 37.6 2000
4.267492055892944 37.6 2000
4.273233652114868 37.6 2000
4.276571989059448 37.6 2000
4.279834985733032 37.6 2000
4.282814025878906 37.6 2000
4.285869598388672 37.6 2000
4.288463830947876 37.6 2000
4.2918524742126465 37.6 2000
4.294831275939941 37.6 2000
4.29782509803772 37.59 2000
4.301809787750244 37.59 2000
4.305137634277344 37.59 2000
4.307795286178589 37.59 2000
4.310795545578003 37.59 2000
4.314813613891602 37.59 2000
4.319770336151123 37.59 2000
4.323594331741333 37.59 2000
4.326586723327637 37.59 2000
4.329612731933594 37.59 2000
4.3325722217559814 37.59 2000
4.335560083389282 37.59 2000
4.338550090789795 37.59 2000
4.34254264831543 37.59 2000
4.345571041107178 37.59 2000
4.348524808883667 37.59 2000
4.351653575897217 37.59 2000
4.354720592498779 37.59 2000
4.357602834701538 37.59 2000
4.360116958618164 37.59 2000
4.363091230392456 37.59 2000
4.36605429649353 37.59 2000
4.369963645935059 37.59 2000
4.372934341430664 37.59 2000
4.376922845840454 37.58 2000
4.382302522659302 37.58 2000
4.384902000427246 37.58 2000
4.3888938426971436 37.58 2000
4.391883611679077 37.58 2000
4.394915342330933 37.58 2000
4.398865461349487 37.58 2000
4.401896238327026 37.58 2000
4.404850244522095 37.58 2000
4.407840251922607 37.58 2000
4.410839796066284 37.58 2000
4.414822578430176 37.58 2000
4.417927503585815 37.58 2000
4.420570135116577 37.58 2000
4.423666000366211 37.58 2000
4.426596164703369 37.58 2000
4.430540084838867 37.58 2000
4.4337379932403564 37.58 2000
4.436564207077026 37.57 2000
4.439519166946411 37.57 2000
4.443507194519043 37.57 2000
4.446773529052734 37.57 2000
4.44978141784668 37.57 2000
4.4528419971466064 37.57 2000
4.455751419067383 37.57 2000
4.458780765533447 37.57 2000
4.463009834289551 37.57 2000
4.466806888580322 37.57 2000
4.470752954483032 37.57 2000
4.474740743637085 37.57 2000
4.477772235870361 37.57 2000
4.480727672576904 37.57 2000
4.483998775482178 37.57 2000
4.486210823059082 37.57 2000
4.491122245788574 37.57 2000
4.494296550750732 37.56 2000
4.498037099838257 37.56 2000
4.50031590461731 37.56 2000
4.503735542297363 37.56 2000
4.506962299346924 37.56 2000
4.509567499160767 37.56 2000
4.512927293777466 37.56 2000
4.515563011169434 37.56 2000
4.518544912338257 37.56 2000
4.5222907066345215 37.56 2000
4.525326490402222 37.56 2000
4.52831768989563 37.56 2000
4.531539678573608 37.56 2000
4.535253286361694 37.56 2000
4.5382468700408936 37.56 2000
4.541245698928833 37.56 2000
4.544234275817871 37.56 2000
4.547220945358276 37.56 2000
4.550217151641846 37.56 2000
4.553337097167969 37.56 2000
4.55659031867981 37.56 2000
4.5591936111450195 37.56 2000
4.563215970993042 37.56 2000
4.5663673877716064 37.56 2000
4.569972515106201 37.56 2000
4.572983264923096 37.55 2000
4.576823472976685 37.55 2000
4.580783843994141 37.55 2000
4.585801362991333 37.55 2000
4.5889058113098145 37.55 2000
4.593100070953369 37.55 2000
4.596189737319946 37.55 2000
4.600201845169067 37.55 2000
4.604304313659668 37.55 2000
4.6071836948394775 37.55 2000
4.610172271728516 37.55 2000
4.615157604217529 37.55 2000
4.618282079696655 37.55 2000
4.621141195297241 37.55 2000
4.625128507614136 37.55 2000
4.6271257400512695 37.55 2000
4.631694078445435 37.54 2000
4.634593486785889 37.54 2000
4.637714862823486 37.54 2000
4.640582084655762 37.54 2000
4.643792629241943 37.54 2000
4.646766662597656 37.54 2000
4.6496100425720215 37.54 2000
4.6525962352752686 37.54 2000
4.653574705123901 37.54 2000
4.655603408813477 37.54 2000
4.657624244689941 37.54 2000
4.659589052200317 37.54 2000
4.6618921756744385 37.54 2000
4.663893222808838 37.54 2000
4.6658947467803955 37.54 2000
4.667903661727905 37.54 2000
4.669579982757568 37.54 2000
4.671919345855713 37.54 2000
4.674523591995239 37.54 2000
4.676539897918701 37.54 2000
4.678797721862793 37.54 2000
4.680734157562256 37.54 2000
4.683048963546753 37.54 2000
4.684787034988403 37.54 2000
4.686779737472534 37.54 2000
4.688807010650635 37.54 2000
4.691762924194336 37.53 2000
4.694087028503418 37.53 2000
4.695759534835815 37.53 2000
4.697993278503418 37.53 2000
4.700006723403931 37.53 2000
4.7017107009887695 37.53 2000
4.703718900680542 37.53 2000
4.7057204246521 37.53 2000
4.708709716796875 37.53 2000
4.710978746414185 37.53 2000
4.712982177734375 37.53 2000
4.71499490737915 37.53 2000
4.7170774936676025 37.53 2000
4.7189178466796875 37.53 2000
4.720674514770508 37.53 2000
4.723801136016846 37.53 2000
4.7256903648376465 37.53 2000
4.727681875228882 37.53 2000
4.729680299758911 37.53 2000
4.732019424438477 37.53 2000
4.734018325805664 37.53 2000
4.735814094543457 37.53 2000
4.7386181354522705 37.53 2000
4.740646600723267 37.53 2000
4.742638111114502 37.53 2000
4.744753360748291 37.53 2000
4.746626138687134 37.53 2000
4.7495574951171875 37.53 2000
4.750531196594238 37.53 2000
4.7555623054504395 37.53 2000
4.758508205413818 37.53 2000
4.760687828063965 37.53 2000
4.7634968757629395 37.53 2000
4.76648736000061 37.53 2000
4.769604206085205 37.52 2000
4.772571802139282 37.52 2000
4.775601148605347 37.52 2000
4.778589487075806 37.52 2000
4.781667947769165 37.52 2000
4.784622430801392 37.52 2000
4.787657737731934 37.52 2000
4.790611743927002 37.52 2000
4.793713808059692 37.52 2000
4.796599626541138 37.52 2000
4.799819231033325 37.52 2000
4.802794694900513 37.52 2000
4.805740833282471 37.52 2000
4.809802055358887 37.52 2000
4.813672780990601 37.52 2000
4.818810701370239 37.52 2000
4.822649002075195 37.52 2000
4.825639963150024 37.52 2000
4.828749179840088 37.51 2000
4.831618070602417 37.51 2000
4.835609197616577 37.51 2000
4.838605642318726 37.51 2000
4.841598749160767 37.51 2000
4.8447136878967285 37.51 2000
4.847578048706055 37.51 2000
4.850945234298706 37.51 2000
4.855057239532471 37.51 2000
4.858866453170776 37.51 2000
4.863006353378296 37.51 2000
4.867031097412109 37.51 2000
4.8698461055755615 37.5 2000
4.872840642929077 37.5 2000
4.875889778137207 37.5 2000
4.878789901733398 37.5 2000
4.882852792739868 37.5 2000
4.887044429779053 37.5 2000
4.890439033508301 37.5 2000
4.894345045089722 37.5 2000
4.897301435470581 37.5 2000
4.90029501914978 37.5 2000
4.905284404754639 37.5 2000
4.90827488899231 37.5 2000
4.914266109466553 37.5 2000
4.918239593505859 37.5 2000
4.922197580337524 37.5 2000
4.925183296203613 37.5 2000
4.929187536239624 37.49 2000
4.931794166564941 37.49 2000
4.9347875118255615 37.49 2000
4.937782287597656 37.49 2000
4.940769910812378 37.49 2000
4.944760799407959 37.49 2000
4.947799444198608 37.49 2000
4.950741767883301 37.49 2000
4.9537858963012695 37.49 2000
4.956721305847168 37.49 2000
4.960838079452515 37.49 2000
4.963757514953613 37.49 2000
4.966861248016357 37.49 2000
4.969693183898926 37.49 2000
4.9736855030059814 37.49 2000
4.976675748825073 37.49 2000
4.979727506637573 37.49 2000
4.9836554527282715 37.49 2000
4.986697196960449 37.48 2000
4.989912986755371 37.48 2000
4.994979619979858 37.48 2000
4.997838020324707 37.48 2000
5.000751733779907 37.48 2000
5.004778146743774 37.48 2000