time temp control
0.028888940811157227 21.91 13000
0.12766313552856445 21.91 13000
0.22641634941101074 21.91 13000
0.32514405250549316 21.9 13000
0.4219319820404053 21.9 13000
0.5207242965698242 21.91 13000
0.6185085773468018 21.91 13000
0.7171435356140137 21.92 13000
0.8150057792663574 21.93 13000
0.9126126766204834 21.95 13000
1.0113976001739502 21.97 13000
1.1101319789886475 22.01 13000
1.2089202404022217 22.04 13000
1.3075616359710693 22.09 13000
1.4073691368103027 22.14 13000
1.5050339698791504 22.21 13000
1.6038024425506592 22.28 13000
1.7035443782806396 22.36 13000
1.8022358417510986 22.46 13000
1.8999781608581543 22.56 13000
1.99784517288208 22.67 13000
2.0954535007476807 22.8 13000
2.1941847801208496 22.93 13000
2.2939612865448 23.07 13000
2.3917837142944336 23.21 13000
2.4913947582244873 23.36 13000
2.5891706943511963 23.52 13000
2.687901496887207 23.68 13000
2.786607027053833 23.84 13000
2.88643217086792 24.01 13000
2.9850780963897705 24.18 13000
3.083810567855835 24.36 13000
3.182891845703125 24.53 13000
3.2816078662872314 24.71 13000
3.381301164627075 24.89 13000
3.479996919631958 25.07 13000
3.5787341594696045 25.25 13000
3.6754815578460693 25.44 13000
3.773254632949829 25.62 13000
3.8732073307037354 25.81 13000
3.972681760787964 26.0 13000
4.069472312927246 26.19 13000
4.169404983520508 26.39 13000
4.266895532608032 26.58 13000
4.3656325340271 26.77 13000
4.465197324752808 26.96 13000
4.562014818191528 27.16 13000
4.660707235336304 27.35 13000
4.759490728378296 27.55 13000
4.858802795410156 27.74 13000
4.958552360534668 27.95 13000
5.054246425628662 28.14 13000
5.1530232429504395 28.34 13000
5.251771926879883 28.54 13000
5.350497484207153 28.74 13000
5.446197271347046 28.94 13000
5.545970678329468 29.13 13000
5.644700765609741 29.34 13000
5.74440598487854 29.54 13000
5.841788053512573 29.74 13000
5.941514253616333 29.94 13000
6.040256977081299 30.15 13000
6.138026237487793 30.35 13000
6.237316370010376 30.55 13000
6.336456537246704 30.75 13000
6.4332098960876465 30.95 13000
6.531223297119141 31.15 13000
6.62896203994751 31.35 13000
6.727796792984009 31.55 13000
6.827392578125 31.75 13000
6.925166845321655 31.94 13000
7.023971080780029 32.14 0
7.122648000717163 32.34 0
7.218562841415405 32.54 0
7.317332983016968 32.73 0
7.4151153564453125 32.93 0
7.513908624649048 33.13 0
7.6125078201293945 33.32 0
7.712194204330444 33.5 0
7.811024904251099 33.68 0
7.910668134689331 33.86 0
8.00940489768982 34.02 0
8.108182907104492 34.16 0
8.206878900527954 34.3 0
8.306609153747559 34.43 0
8.406374454498291 34.55 0
8.505079746246338 34.66 0
8.603035926818848 34.75 0
8.702648401260376 34.84 0
8.800428628921509 34.91 0
8.899129152297974 34.97 0
8.997865200042725 35.02 0
9.097591638565063 35.06 0
9.195366621017456 35.09 0
9.294066667556763 35.11 0
9.392810583114624 35.13 0
9.490540742874146 35.13 0
9.58928632736206 35.14 0
9.68753981590271 35.13 0
9.784282684326172 35.12 0
9.881279230117798 35.1 0
9.98002552986145 35.08 0
10.079057931900024 35.06 0
10.177444219589233 35.03 0
10.278215169906616 35.0 0
10.376909732818604 34.97 0
10.475276708602905 34.93 0
10.573396921157837 34.89 0
10.673156499862671 34.85 0
10.770910024642944 34.8 0
10.869600534439087 34.75 0
10.96833086013794 34.7 0
11.066075325012207 34.65 0
11.163848876953125 34.59 0
11.263550281524658 34.53 0
11.361012697219849 34.47 0
11.459792375564575 34.41 0
11.557524681091309 34.35 0
11.657258987426758 34.29 0
11.75399374961853 34.22 0
11.853728532791138 34.15 0
11.951434850692749 34.08 0
12.050164461135864 34.02 0
12.149898290634155 33.95 0
12.247551202774048 33.88 0
12.346296548843384 33.81 0
12.44408130645752 33.74 0
12.543111324310303 33.67 0
12.639890193939209 33.6 0
12.7386314868927 33.53 0
12.837455034255981 33.46 0
12.935104608535767 33.39 0
13.035836219787598 33.31 0
13.132664680480957 33.24 0
13.230276584625244 33.16 0
13.328115940093994 33.09 0
13.42675256729126 33.02 0
13.52562141418457 32.94 0
13.624528884887695 32.87 0
13.72300410270691 32.79 0
13.821733713150024 32.72 0
13.919439315795898 32.64 0
14.018918752670288 32.56 0
14.117664337158203 32.49 0
14.216578960418701 32.42 0
14.313688516616821 32.35 0
14.411909103393555 32.27 0
14.510603427886963 32.2 0
14.609345436096191 32.13 0
14.708077430725098 32.06 0
14.80682373046875 31.99 13000
14.904956102371216 31.91 13000
15.004658460617065 31.84 13000
15.10239863395691 31.77 13000
15.202122449874878 31.7 13000
15.30187201499939 31.63 13000
15.399595022201538 31.56 13000
15.49833631515503 31.5 13000
15.596074104309082 31.44 13000
15.695801973342896 31.39 13000
15.794544458389282 31.34 13000
15.8933265209198 31.3 13000
15.991014957427979 31.27 13000
16.08879542350769 31.25 13000
16.188572883605957 31.24 13000
16.286712646484375 31.23 13000
16.38599681854248 31.24 13000
16.484734296798706 31.26 13000
16.582483291625977 31.29 13000
16.681167602539062 31.33 13000
16.780936241149902 31.38 13000
16.878725290298462 31.45 13000
16.976378917694092 31.52 13000
17.076207160949707 31.6 13000
17.174882650375366 31.69 13000
17.272589683532715 31.79 13000
17.37132501602173 31.89 13000
17.471054315567017 32.0 0
17.567835807800293 32.11 0
17.667529582977295 32.22 0
17.76626706123352 32.34 0
17.865001678466797 32.46 0
17.963738203048706 32.59 0
18.06147837638855 32.71 0
18.16026997566223 32.83 0
18.259984016418457 32.95 0
18.356717348098755 33.07 0
18.45655608177185 33.18 0
18.555194854736328 33.28 0
18.652932167053223 33.38 0
18.75272488594055 33.46 0
18.852086067199707 33.54 0
18.95113444328308 33.6 0
19.04894781112671 33.66 0
19.14771580696106 33.71 0
19.246384382247925 33.76 0
19.34511137008667 33.79 0
19.44271993637085 33.81 0
19.541407585144043 33.83 0
19.63911461830139 33.84 0
19.73822832107544 33.84 0
19.836877822875977 33.83 0
19.935951709747314 33.82 0
20.03568744659424 33.81 0
20.1345374584198 33.79 0
20.234160900115967 33.77 0
20.331896781921387 33.74 0