
0.002948760986328125 25.13 30000
0.0059397220611572266 25.13 30000
0.00893092155456543 25.13 30000
0.012919425964355469 25.13 30000
0.015915870666503906 25.13 30000
0.018905162811279297 25.13 30000
0.021898984909057617 25.13 30000
0.024888992309570312 25.13 30000
0.028876543045043945 25.13 30000
0.03186917304992676 25.13 30000
0.03486180305480957 25.13 30000
0.03785419464111328 25.13 30000
0.041004180908203125 25.13 30000
0.04399728775024414 25.13 30000
0.04699301719665527 25.13 30000
0.04998350143432617 25.13 30000
0.05297446250915527 25.13 30000
0.05596756935119629 25.13 30000
0.06735873222351074 25.13 30000
0.07035517692565918 25.13 30000
0.07533907890319824 25.13 30000
0.0793304443359375 25.13 30000
0.0823211669921875 25.13 30000
0.08630657196044922 25.13 30000
0.08930468559265137 25.13 30000
0.09229159355163574 25.13 30000
0.0952904224395752 25.13 30000
0.09827566146850586 25.13 30000
0.1022648811340332 25.13 30000
0.10625600814819336 25.13 30000
0.10924577713012695 25.13 30000
0.11223888397216797 25.13 30000
0.11622834205627441 25.13 30000
0.12321281433105469 25.13 30000
0.12620091438293457 25.13 30000
0.12919402122497559 25.13 30000
0.1321268081665039 25.13 30000
0.13512206077575684 25.13 30000
0.13910865783691406 25.13 30000
0.14213895797729492 25.13 30000
0.145766019821167 25.13 30000
0.1491091251373291 25.13 30000
0.15206646919250488 25.13 30000
0.15522360801696777 25.13 30000
0.15804696083068848 25.13 30000
0.16112589836120605 25.13 30000
0.1641216278076172 25.13 30000
0.16711044311523438 25.13 30000
0.17209839820861816 25.13 30000
0.1760880947113037 25.13 30000
0.18007922172546387 25.13 30000
0.1840677261352539 25.13 30000
0.18805956840515137 25.13 30000
0.19104552268981934 25.13 30000
0.194077730178833 25.13 30000
0.1970691680908203 25.13 30000
0.20002269744873047 25.13 30000
0.20902562141418457 25.13 30000
0.21202874183654785 25.13 30000
0.21498513221740723 25.13 30000
0.21897459030151367 25.13 30000
0.22196674346923828 25.13 30000
0.22495770454406738 25.13 30000
0.2279813289642334 25.13 30000
0.2309412956237793 25.13 30000
0.23592853546142578 25.13 30000
0.23894953727722168 25.13 30000
0.2419123649597168 25.13 30000
0.2449042797088623 25.13 30000
0.24789714813232422 25.13 30000
0.2508876323699951 25.13 30000
0.2550315856933594 25.13 30000
0.2580595016479492 25.13 30000
0.26125073432922363 25.13 30000
0.26424336433410645 25.13 30000
0.26731443405151367 25.13 30000
0.2712368965148926 25.13 30000
0.2752237319946289 25.13 30000
0.2782149314880371 25.13 30000
0.2832033634185791 25.13 30000
0.2862582206726074 25.13 30000
0.28962254524230957 25.13 30000
0.2921724319458008 25.13 30000
0.2961244583129883 25.13 30000
0.3001120090484619 25.13 30000
0.30310678482055664 25.13 30000
0.30609607696533203 25.13 30000
0.3092787265777588 25.13 30000
0.3140747547149658 25.13 30000
0.31711244583129883 25.13 30000
0.32005953788757324 25.13 30000
0.32305121421813965 25.13 30000
0.32604289054870605 25.13 30000
0.33003687858581543 25.13 30000
0.3340282440185547 25.13 30000
0.33701586723327637 25.13 30000
0.3400449752807617 25.13 30000
0.34499478340148926 25.13 30000
0.34798622131347656 25.13 30000
0.35106515884399414 25.13 30000
0.35405802726745605 25.13 30000
0.35712456703186035 25.13 30000
0.3600778579711914 25.13 30000
0.36310744285583496 25.13 30000
0.366072416305542 25.13 30000
0.3690667152404785 25.13 30000
0.3720428943634033 25.13 30000
0.3750028610229492 25.13 30000
0.3782074451446533 25.13 30000
0.3809823989868164 25.13 30000
0.38397669792175293 25.13 30000
0.3869662284851074 25.13 30000
0.3909592628479004 25.13 30000
0.3939554691314697 25.13 30000
0.3973410129547119 25.13 30000
0.3999340534210205 25.13 30000
0.4029240608215332 25.13 30000
0.40691471099853516 25.13 30000
0.4099082946777344 25.13 30000
0.4129035472869873 25.13 30000
0.41593432426452637 25.13 30000
0.4188830852508545 25.13 30000
0.42287683486938477 25.13 30000
0.4259154796600342 25.13 30000
0.42885661125183105 25.13 30000
0.43184900283813477 25.13 30000
0.43483877182006836 25.13 30000
0.43783020973205566 25.13 30000
0.4408247470855713 25.13 30000
0.4438145160675049 25.13 30000
0.4468064308166504 25.13 30000
0.45079803466796875 25.13 30000
0.455188512802124 25.13 30000
0.45917749404907227 25.13 30000
0.4631669521331787 25.13 30000
0.4661574363708496 25.13 30000
0.47014522552490234 25.13 30000
0.4741377830505371 25.13 30000
0.4771697521209717 25.13 30000
0.4803774356842041 25.13 30000
0.48519229888916016 25.13 30000
0.4881019592285156 25.14 30000
0.4910917282104492 25.14 30000
0.49508213996887207 25.14 30000
0.5010678768157959 25.14 30000
0.5040884017944336 25.14 30000
0.5070614814758301 25.14 30000
0.5100393295288086 25.14 30000
0.5140306949615479 25.14 30000
0.5170600414276123 25.14 30000
0.5200519561767578 25.14 30000
0.5231177806854248 25.14 30000
0.5269961357116699 25.14 30000
0.5299861431121826 25.14 30000
0.5329780578613281 25.14 30000
0.5360093116760254 25.14 30000
0.5390200614929199 25.14 30000
0.5419566631317139 25.14 30000
0.5449481010437012 25.14 30000
0.5479497909545898 25.14 30000
0.5509605407714844 25.14 30000
0.553673505783081 25.14 30000
0.5566532611846924 25.14 30000
0.5603468418121338 25.14 30000
0.5642974376678467 25.14 30000
0.5672898292541504 25.14 30000
0.5703186988830566 25.14 30000
0.5732736587524414 25.14 30000
0.5762710571289062 25.14 30000
0.5802581310272217 25.14 30000
0.5842468738555908 25.14 30000
0.58724045753479 25.14 30000
0.59122633934021 25.14 30000
0.596228837966919 25.14 30000
0.6002020835876465 25.14 30000
0.6032640933990479 25.14 30000
0.6062145233154297 25.14 30000
0.6121730804443359 25.14 30000
0.6151657104492188 25.14 30000
0.618156909942627 25.14 30000
0.6211459636688232 25.14 30000
0.6251358985900879 25.14 30000
0.628216028213501 25.14 30000
0.631119966506958 25.14 30000
0.63511061668396 25.14 30000
0.6381089687347412 25.14 30000
0.641099214553833 25.14 30000
0.6440839767456055 25.14 30000
0.6470820903778076 25.14 30000
0.6501097679138184 25.14 30000
0.653925895690918 25.14 30000
0.6568686962127686 25.14 30000
0.6605246067047119 25.14 30000
0.6625313758850098 25.14 30000
0.6656241416931152 25.14 30000
0.6685609817504883 25.14 30000
0.6715803146362305 25.14 30000
0.6745016574859619 25.14 30000
0.6785311698913574 25.14 30000
0.6815109252929688 25.14 30000
0.6854655742645264 25.14 30000
0.6884589195251465 25.14 30000
0.6924521923065186 25.14 30000
0.6964373588562012 25.14 30000
0.7004640102386475 25.14 30000
0.703495979309082 25.15 30000
0.7074055671691895 25.15 30000
0.7104003429412842 25.15 30000
0.7123939990997314 25.15 30000
0.716381311416626 25.15 30000
0.7183775901794434 25.15 30000
0.7233645915985107 25.15 30000
0.7263565063476562 25.15 30000
0.7293508052825928 25.15 30000
0.7323422431945801 25.15 30000
0.735332727432251 25.15 30000
0.7393198013305664 25.15 30000
0.7415435314178467 25.15 30000
0.7447857856750488 25.15 30000
0.7475554943084717 25.15 30000
0.7505159378051758 25.15 30000
0.7541875839233398 25.15 30000
0.7571449279785156 25.15 30000
0.7598228454589844 25.15 30000
0.7624294757843018 25.15 30000
0.7664315700531006 25.15 30000
0.7705347537994385 25.15 30000
0.774533748626709 25.15 30000
0.7785253524780273 25.15 30000
0.7824804782867432 25.15 30000
0.7865047454833984 25.16 30000
0.790219783782959 25.16 30000
0.7941598892211914 25.16 30000
0.7981553077697754 25.16 30000
0.8011569976806641 25.16 30000
0.8051180839538574 25.16 30000
0.8091104030609131 25.16 30000
0.8131084442138672 25.16 30000
0.8160915374755859 25.16 30000
0.8191094398498535 25.16 30000
0.8221945762634277 25.16 30000
0.8260641098022461 25.16 30000
0.8311519622802734 25.16 30000
0.8350381851196289 25.16 30000
0.8380329608917236 25.16 30000
0.8410613536834717 25.16 30000
0.8450119495391846 25.16 30000
0.8480052947998047 25.16 30000
0.8509979248046875 25.16 30000
0.8545241355895996 25.16 30000
0.8566148281097412 25.16 30000
0.8605549335479736 25.16 30000
0.863614559173584 25.17 30000
0.8665473461151123 25.17 30000
0.8699755668640137 25.17 30000
0.8735156059265137 25.17 30000
0.8775105476379395 25.17 30000
0.8806321620941162 25.17 30000
0.8855800628662109 25.17 30000
0.8895671367645264 25.17 30000
0.8936078548431396 25.17 30000
0.8966009616851807 25.17 30000
0.9004611968994141 25.17 30000
0.9024369716644287 25.17 30000
0.9064218997955322 25.17 30000
0.9094138145446777 25.17 30000
0.9124057292938232 25.17 30000
0.9153997898101807 25.17 30000
0.9183897972106934 25.17 30000
0.921393632888794 25.17 30000
0.9254066944122314 25.17 30000
0.9283657073974609 25.17 30000
0.9323546886444092 25.17 30000
0.9353461265563965 25.17 30000
0.9383366107940674 25.17 30000
0.9413301944732666 25.17 30000
0.9443628787994385 25.18 30000
0.9473121166229248 25.18 30000
0.9503047466278076 25.18 30000
0.9532968997955322 25.18 30000
0.9572877883911133 25.18 30000
0.9602847099304199 25.18 30000
0.9632704257965088 25.18 30000
0.9663114547729492 25.18 30000
0.9692559242248535 25.18 30000
0.9773633480072021 25.18 30000
0.9793570041656494 25.18 30000
0.9833488464355469 25.19 30000
0.9883339405059814 25.19 30000
0.991328239440918 25.19 30000
0.9953153133392334 25.19 30000
0.9983053207397461 25.19 30000
1.0013012886047363 25.19 30000
1.0042939186096191 25.19 30000
1.0072834491729736 25.19 30000
1.010331392288208 25.19 30000
1.0142693519592285 25.19 30000
1.018256425857544 25.19 30000
1.0212697982788086 25.19 30000
1.0242815017700195 25.19 30000
1.027235984802246 25.19 30000
1.0302255153656006 25.19 30000
1.034217119216919 25.19 30000
1.0372154712677002 25.19 30000
1.04034423828125 25.19 30000
1.0433456897735596 25.19 30000
1.0473368167877197 25.19 30000
1.050325632095337 25.19 30000
1.0533440113067627 25.19 30000
1.0563037395477295 25.19 30000
1.0593359470367432 25.19 30000
1.0614383220672607 25.2 30000
1.0645623207092285 25.2 30000
1.0674211978912354 25.2 30000
1.0712921619415283 25.2 30000
1.0741751194000244 25.2 30000
1.0768399238586426 25.2 30000
1.0802717208862305 25.21 30000
1.08320951461792 25.21 30000
1.086198329925537 25.21 30000
1.08919358253479 25.21 30000
1.0921823978424072 25.21 30000
1.0961723327636719 25.21 30000
1.0991652011871338 25.21 30000
1.1021535396575928 25.21 30000
1.1051452159881592 25.21 30000
1.1081788539886475 25.21 30000
1.111278772354126 25.21 30000
1.114123821258545 25.21 30000
1.1230995655059814 25.22 30000
1.1271169185638428 25.22 30000
1.130089521408081 25.22 30000
1.133075475692749 25.22 30000
1.1360914707183838 25.22 30000
1.1391017436981201 25.22 30000
1.143354892730713 25.22 30000
1.1462595462799072 25.22 30000
1.149346113204956 25.22 30000
1.1522448062896729 25.22 30000
1.1557185649871826 25.22 30000
1.1592659950256348 25.22 30000
1.161602258682251 25.23 30000
1.1645283699035645 25.23 30000
1.167569637298584 25.23 30000
1.1706123352050781 25.23 30000
1.1743457317352295 25.23 30000
1.1769979000091553 25.23 30000
1.179595947265625 25.23 30000
1.1835854053497314 25.23 30000
1.186678409576416 25.23 30000
1.189570665359497 25.23 30000
1.1925663948059082 25.23 30000
1.1960978507995605 25.23 30000
1.1995556354522705 25.24 30000
1.201791524887085 25.24 30000
1.2066285610198975 25.24 30000
1.2105391025543213 25.24 30000
1.213496208190918 25.24 30000
1.217484951019287 25.24 30000
1.221221923828125 25.24 30000
1.224726915359497 25.24 30000
1.2266123294830322 25.24 30000
1.2296054363250732 25.24 30000
1.233607292175293 25.24 30000
1.236588716506958 25.24 30000
1.2403113842010498 25.25 30000
1.2432878017425537 25.25 30000
1.2462785243988037 25.25 30000
1.249276876449585 25.25 30000
1.2533354759216309 25.25 30000
1.256253719329834 25.25 30000
1.2592823505401611 25.26 30000
1.2632322311401367 25.26 30000
1.2662248611450195 25.26 30000
1.269216775894165 25.26 30000
1.2723395824432373 25.26 30000
1.2753310203552246 25.26 30000
1.2783231735229492 25.26 30000
1.284144401550293 25.26 30000
1.287132978439331 25.26 30000
1.290135145187378 25.26 30000
1.2941155433654785 25.26 30000
1.297109603881836 25.26 30000
1.3001790046691895 25.27 30000
1.303180456161499 25.27 30000
1.3061234951019287 25.27 30000
1.3091354370117188 25.27 30000
1.3121082782745361 25.27 30000
1.3170928955078125 25.28 30000
1.3216681480407715 25.28 30000
1.3255436420440674 25.28 30000
1.3294799327850342 25.28 30000
1.3334665298461914 25.28 30000
1.3365046977996826 25.28 30000
1.338451623916626 25.29 30000
1.3424439430236816 25.29 30000
1.3467791080474854 25.29 30000
1.3502144813537598 25.29 30000
1.353215217590332 25.29 30000
1.3562328815460205 25.29 30000
1.3597452640533447 25.29 30000
1.363255262374878 25.29 30000
1.3662455081939697 25.29 30000
1.3692388534545898 25.29 30000
1.3732964992523193 25.29 30000
1.3782155513763428 25.3 30000
1.3822047710418701 25.3 30000
1.3851947784423828 25.3 30000
1.3882875442504883 25.3 30000
1.3941783905029297 25.3 30000
1.3971633911132812 25.31 30000
1.4003751277923584 25.31 30000
1.4034132957458496 25.31 30000
1.4063668251037598 25.31 30000
1.408360242843628 25.31 30000
1.4123499393463135 25.31 30000
1.4153449535369873 25.31 30000
1.41841721534729 25.32 30000
1.4213266372680664 25.32 30000
1.4253435134887695 25.32 30000
1.4283952713012695 25.32 30000
1.4304118156433105 25.32 30000
1.4344072341918945 25.32 30000
1.4374001026153564 25.33 30000
1.4409172534942627 25.33 30000
1.4457039833068848 25.33 30000
1.4489414691925049 25.33 30000
1.4517452716827393 25.33 30000
1.456310749053955 25.34 30000
1.4592857360839844 25.34 30000
1.4618358612060547 25.34 30000
1.464829683303833 25.34 30000
1.4681816101074219 25.34 30000
1.4714014530181885 25.34 30000
1.4743919372558594 25.34 30000
1.477381944656372 25.35 30000
1.4811134338378906 25.35 30000
1.4851608276367188 25.35 30000
1.4880938529968262 25.35 30000
1.4910871982574463 25.35 30000
1.4940781593322754 25.35 30000
1.4970667362213135 25.36 30000
1.5000689029693604 25.36 30000
1.5040483474731445 25.36 30000
1.5071666240692139 25.36 30000
1.5102505683898926 25.36 30000
1.5132312774658203 25.36 30000
1.5172595977783203 25.37 30000
1.5202181339263916 25.37 30000
1.5232069492340088 25.37 30000
1.526197910308838 25.37 30000
1.5292487144470215 25.37 30000
1.5341739654541016 25.37 30000
1.5372068881988525 25.38 30000
1.540173053741455 25.38 30000
1.5431513786315918 25.38 30000
1.5461444854736328 25.38 30000
1.5491387844085693 25.38 30000
1.5521306991577148 25.38 30000
1.5551583766937256 25.39 30000
1.558150053024292 25.39 30000
1.5611021518707275 25.39 30000
1.56410813331604 25.39 30000
1.5671677589416504 25.39 30000
1.570207118988037 25.39 30000
1.5731825828552246 25.39 30000
1.5761754512786865 25.4 30000
1.5801639556884766 25.4 30000
1.583155632019043 25.4 30000
1.5861485004425049 25.4 30000
1.589223861694336 25.4 30000
1.5921332836151123 25.4 30000
1.5961244106292725 25.41 30000
1.5991153717041016 25.41 30000
1.602109432220459 25.41 30000
1.6051361560821533 25.41 30000
1.608126163482666 25.41 30000
1.6117243766784668 25.41 30000
1.614701747894287 25.42 30000
1.6176745891571045 25.42 30000
1.620988130569458 25.42 30000
1.6244919300079346 25.42 30000
1.6351771354675293 25.44 30000
1.6379175186157227 25.44 30000
1.6410295963287354 25.44 30000
1.6440234184265137 25.44 30000
1.6470508575439453 25.44 30000
1.650620937347412 25.44 30000
1.6535158157348633 25.45 30000
1.6575860977172852 25.45 30000
1.661726474761963 25.45 30000
1.664752721786499 25.45 30000
1.6678423881530762 25.45 30000
1.6706981658935547 25.45 30000
1.6746852397918701 25.46 30000
1.6786749362945557 25.46 30000
1.6807012557983398 25.46 30000
1.6856579780578613 25.46 30000
1.6906449794769287 25.46 30000
1.6936371326446533 25.48 30000
1.695749044418335 25.48 30000
1.6988887786865234 25.48 30000
1.7023534774780273 25.48 30000
1.7053484916687012 25.48 30000
1.7083382606506348 25.48 30000
1.7113280296325684 25.49 30000
1.7153193950653076 25.49 30000
1.7202811241149902 25.49 30000
1.723236083984375 25.49 30000
1.726311206817627 25.49 30000
1.7292675971984863 25.49 30000
1.7322118282318115 25.51 30000
1.7362353801727295 25.51 30000
1.739356517791748 25.51 30000
1.7421917915344238 25.51 30000
1.7451748847961426 25.51 30000
1.7482085227966309 25.51 30000
1.7542564868927002 25.52 30000
1.7568004131317139 25.52 30000
1.7602918148040771 25.52 30000
1.7632687091827393 25.52 30000
1.7682504653930664 25.52 30000
1.7710809707641602 25.54 30000
1.7739017009735107 25.54 30000
1.776893138885498 25.54 30000
1.7798829078674316 25.54 30000
1.7838740348815918 25.54 30000
1.787034034729004 25.54 30000
1.790475606918335 25.55 30000
1.7924635410308838 25.55 30000
1.7954518795013428 25.55 30000
1.7984437942504883 25.55 30000
1.8022887706756592 25.55 30000
1.805302619934082 25.55 30000
1.8092708587646484 25.55 30000
1.8127775192260742 25.57 30000
1.815852403640747 25.57 30000
1.8188529014587402 25.57 30000
1.821756362915039 25.57 30000
1.8257694244384766 25.57 30000
1.8287782669067383 25.57 30000
1.8323144912719727 25.59 30000
1.8353075981140137 25.59 30000
1.8382995128631592 25.59 30000
1.841292381286621 25.59 30000
1.844283103942871 25.59 30000
1.8472723960876465 25.59 30000
1.850268840789795 25.6 30000
1.8532993793487549 25.6 30000
1.8566169738769531 25.6 30000
1.8623096942901611 25.6 30000
1.8651978969573975 25.6 30000
1.8682565689086914 25.6 30000
1.8710079193115234 25.62 30000
1.875032901763916 25.62 30000
1.8779864311218262 25.62 30000
1.8810546398162842 25.62 30000
1.885007381439209 25.62 30000
1.887990951538086 25.62 30000
1.8920989036560059 25.64 30000
1.9020965099334717 25.64 30000
1.9051337242126465 25.64 30000
1.9091122150421143 25.64 30000
1.9123046398162842 25.66 30000
1.9152681827545166 25.66 30000
1.9182355403900146 25.66 30000
1.927210807800293 25.66 30000
1.930295467376709 25.68 30000
1.9336824417114258 25.68 30000
1.937544345855713 25.68 30000
1.9408493041992188 25.68 30000
1.9439043998718262 25.68 30000
1.9468491077423096 25.68 30000
1.9504127502441406 25.7 30000
1.953418493270874 25.7 30000
1.956296682357788 25.7 30000
1.959270715713501 25.7 30000
1.9622595310211182 25.7 30000
1.9652783870697021 25.7 30000
1.9682788848876953 25.7 30000
1.9723639488220215 25.72 30000
1.976355791091919 25.72 30000
1.9804630279541016 25.72 30000
1.9833450317382812 25.72 30000
1.9883315563201904 25.72 30000
1.991394281387329 25.74 30000
1.9943206310272217 25.74 30000
1.9973056316375732 25.74 30000
2.0003066062927246 25.74 30000
2.004289150238037 25.74 30000
2.008277654647827 25.74 30000
2.01226806640625 25.76 30000
2.0162549018859863 25.76 30000
2.019249200820923 25.76 30000
2.022239923477173 25.76 30000
2.025230646133423 25.76 30000
2.0282223224639893 25.78 30000
2.031221389770508 25.78 30000
2.0343446731567383 25.78 30000
2.037313461303711 25.78 30000
2.0401904582977295 25.78 30000
2.043185234069824 25.78 30000
2.0461769104003906 25.78 30000
2.050335645675659 25.8 30000
2.0533175468444824 25.8 30000
2.0564067363739014 25.8 30000
2.0594229698181152 25.8 30000
2.062398672103882 25.8 30000
2.065429210662842 25.8 30000
2.0683836936950684 25.82 30000
2.0703797340393066 25.82 30000
2.073620557785034 25.82 30000
2.076436996459961 25.82 30000
2.0804896354675293 25.82 30000
2.0835049152374268 25.82 30000
2.087458610534668 25.84 30000
2.0901150703430176 25.84 30000
2.093099355697632 25.84 30000
2.0970685482025146 25.84 30000
2.1000969409942627 25.84 30000
2.1030914783477783 25.84 30000
2.106144428253174 25.86 30000
2.1092722415924072 25.86 30000
2.1120924949645996 25.86 30000
2.115525245666504 25.86 30000
2.118114709854126 25.86 30000
2.1210343837738037 25.86 30000
2.1238901615142822 25.86 30000
2.126931667327881 25.89 30000
2.1302592754364014 25.89 30000
2.1331636905670166 25.89 30000
2.136159658432007 25.89 30000
2.1391425132751465 25.89 30000
2.1425137519836426 25.89 30000
2.1452364921569824 25.91 30000
2.1482181549072266 25.91 30000
2.151132583618164 25.91 30000
2.1541614532470703 25.91 30000
2.1591525077819824 25.91 30000
2.162188768386841 25.91 30000
2.1650960445404053 25.93 30000
2.1683237552642822 25.93 30000
2.171084403991699 25.93 30000
2.1740708351135254 25.93 30000
2.177237033843994 25.93 30000
2.180215358734131 25.93 30000
2.1831326484680176 25.93 30000
2.1861987113952637 25.96 30000
2.190152883529663 25.96 30000
2.1931445598602295 25.96 30000
2.1962146759033203 25.96 30000
2.2004902362823486 25.96 30000
2.2024309635162354 25.96 30000
2.2064199447631836 25.98 30000
2.2102208137512207 25.98 30000
2.214123487472534 25.98 30000
2.2171308994293213 25.98 30000
2.2221410274505615 25.98 30000
2.2251498699188232 26.01 30000
2.228269577026367 26.01 30000
2.231048583984375 26.01 30000
2.2340259552001953 26.01 30000
2.2371044158935547 26.01 30000
2.240262031555176 26.01 30000
2.2432031631469727 26.01 30000
2.247209310531616 26.03 30000
2.250295400619507 26.03 30000
2.2532191276550293 26.03 30000
2.2560670375823975 26.03 30000
2.258986711502075 26.03 30000
2.2622153759002686 26.03 30000
2.2649734020233154 26.05 30000
2.2691922187805176 26.05 30000
2.2719922065734863 26.05 30000
2.2749476432800293 26.05 30000
2.2779927253723145 26.05 30000
2.2809290885925293 26.05 30000
2.2839195728302 26.08 30000
2.2870781421661377 26.08 30000
2.290405750274658 26.08 30000
2.2934157848358154 26.08 30000
2.297362804412842 26.08 30000
2.3003780841827393 26.08 30000
2.3033268451690674 26.08 30000
2.3063158988952637 26.11 30000
2.309307813644409 26.11 30000
2.3123011589050293 26.11 30000
2.316291332244873 26.11 30000
2.3193230628967285 26.11 30000
2.3216919898986816 26.11 30000
2.325674295425415 26.13 30000
2.329556941986084 26.13 30000
2.332653522491455 26.13 30000
2.334545612335205 26.13 30000
2.3385322093963623 26.13 30000
2.3415157794952393 26.13 30000
2.344207525253296 26.16 30000
2.347166061401367 26.16 30000
2.3501977920532227 26.16 30000
2.353191375732422 26.16 30000
2.3565313816070557 26.16 30000
2.3585240840911865 26.16 30000
2.3625106811523438 26.16 30000
2.3655037879943848 26.19 30000
2.367496967315674 26.19 30000
2.3712379932403564 26.19 30000
2.3761672973632812 26.19 30000
2.3791587352752686 26.19 30000
2.3821909427642822 26.21 30000
2.3851964473724365 26.21 30000
2.3881378173828125 26.21 30000
2.392127275466919 26.21 30000
2.3951194286346436 26.21 30000
2.398115634918213 26.21 30000
2.4012110233306885 26.21 30000
2.4040942192077637 26.24 30000
2.4081218242645264 26.24 30000
2.411318778991699 26.24 30000
2.4143142700195312 26.24 30000
2.4173576831817627 26.24 30000
2.4203038215637207 26.24 30000
2.425283908843994 26.27 30000
2.429272413253784 26.27 30000
2.4332616329193115 26.27 30000
2.4362545013427734 26.27 30000
2.4402408599853516 26.27 30000
2.443232297897339 26.3 30000
2.4462249279022217 26.3 30000
2.449216365814209 26.3 30000
2.4526331424713135 26.3 30000
2.45605206489563 26.3 30000
2.4589755535125732 26.3 30000
2.462026834487915 26.32 30000
2.4649605751037598 26.32 30000
2.467949867248535 26.32 30000
2.4719398021698 26.32 30000
2.4753825664520264 26.32 30000
2.478010892868042 26.32 30000
2.4809303283691406 26.35 30000
2.486909866333008 26.35 30000
2.489922523498535 26.35 30000
2.493483543395996 26.35 30000
2.497424364089966 26.35 30000
2.5013010501861572 26.38 30000
2.504396915435791 26.38 30000
2.5072455406188965 26.38 30000
2.5102624893188477 26.38 30000
2.5130650997161865 26.38 30000
2.5170552730560303 26.38 30000
2.520047426223755 26.41 30000
2.523193597793579 26.41 30000
2.526031255722046 26.41 30000
2.5290207862854004 26.41 30000
2.535367727279663 26.41 30000
2.538360595703125 26.41 30000
2.5407421588897705 26.44 30000
2.544726848602295 26.44 30000
2.547821044921875 26.44 30000
2.5517115592956543 26.44 30000
2.555706024169922 26.44 30000
2.5597317218780518 26.44 30000
2.5631682872772217 26.47 30000
2.567196846008301 26.47 30000
2.5703341960906982 26.47 30000
2.5733180046081543 26.47 30000
2.576308012008667 26.47 30000
2.5793018341064453 26.5 30000
2.583296060562134 26.5 30000
2.586306571960449 26.5 30000
2.590273380279541 26.5 30000
2.594259262084961 26.5 30000
2.5972564220428467 26.5 30000
2.599982738494873 26.53 30000
2.6025640964508057 26.53 30000
2.6065244674682617 26.53 30000
2.608555316925049 26.53 30000
2.6125073432922363 26.53 30000
2.615509033203125 26.53 30000
2.618192672729492 26.53 30000
2.6212894916534424 26.56 30000
2.6253223419189453 26.56 30000
2.6282761096954346 26.56 30000
2.6314046382904053 26.56 30000
2.634397029876709 26.56 30000
2.63739275932312 26.56 30000
2.6393864154815674 26.59 30000
2.64349627494812 26.59 30000
2.646456241607666 26.59 30000
2.6493568420410156 26.59 30000
2.6519010066986084 26.59 30000
2.6558897495269775 26.59 30000
2.659372568130493 26.61 30000
2.662295341491699 26.61 30000
2.6652822494506836 26.61 30000
2.6682398319244385 26.61 30000
2.671318531036377 26.61 30000
2.674339532852173 26.61 30000
2.6772186756134033 26.61 30000
2.6802079677581787 26.65 30000
2.6832029819488525 26.65 30000
2.6862380504608154 26.65 30000
2.6891915798187256 26.65 30000
2.692380666732788 26.65 30000
2.695298910140991 26.65 30000
2.699270725250244 26.68 30000
2.702310562133789 26.68 30000
2.705303430557251 26.68 30000
2.7082958221435547 26.68 30000
2.7109010219573975 26.68 30000
2.7138586044311523 26.68 30000
2.717494487762451 26.71 30000
2.7204413414001465 26.71 30000
2.7234065532684326 26.71 30000
2.726398229598999 26.71 30000
2.7293879985809326 26.71 30000
2.7340335845947266 26.71 30000
2.7370855808258057 26.71 30000
2.740018129348755 26.74 30000
2.7430105209350586 26.74 30000
2.746422290802002 26.74 30000
2.7489938735961914 26.74 30000
2.7519867420196533 26.74 30000
2.7549779415130615 26.74 30000
2.7580981254577637 26.77 30000
2.7609472274780273 26.77 30000
2.7649378776550293 26.77 30000
2.7689266204833984 26.77 30000
2.7719483375549316 26.77 30000
2.774944305419922 26.77 30000
2.7788994312286377 26.8 30000
2.7819273471832275 26.8 30000
2.7855169773101807 26.8 30000
2.787510871887207 26.8 30000
2.7915472984313965 26.8 30000
2.795579433441162 26.84 30000
2.7990009784698486 26.84 30000
2.801837682723999 26.84 30000
2.8055102825164795 26.84 30000
2.807600498199463 26.84 30000
2.8126420974731445 26.84 30000
2.8143951892852783 26.84 30000
2.8183844089508057 26.87 30000
2.821380615234375 26.87 30000
2.825395345687866 26.87 30000
2.828359842300415 26.87 30000
2.8313496112823486 26.87 30000
2.8343594074249268 26.87 30000
2.837332248687744 26.9 30000
2.842496871948242 26.9 30000
2.845487594604492 26.9 30000
2.848480463027954 26.9 30000
2.8514716625213623 26.9 30000
2.854464292526245 26.9 30000
2.857301712036133 26.93 30000
2.8612747192382812 26.93 30000
2.864562749862671 26.93 30000
2.867213726043701 26.93 30000
2.870389938354492 26.93 30000
2.8733274936676025 26.93 30000
2.8764994144439697 26.97 30000
2.879359483718872 26.97 30000
2.8823013305664062 26.97 30000
2.8853323459625244 26.97 30000
2.8892974853515625 26.97 30000
2.8932931423187256 26.97 30000
2.8962905406951904 27.0 30000
2.8992772102355957 27.0 30000
2.902273178100586 27.0 30000
2.906301498413086 27.0 30000
2.9101011753082275 27.0 30000
2.914041519165039 27.03 30000
2.917178153991699 27.03 30000
2.921022415161133 27.03 30000
2.924201011657715 27.03 30000
2.9271669387817383 27.03 30000
2.9305222034454346 27.03 30000
2.932539939880371 27.03 30000
2.936203956604004 27.06 30000
2.9395201206207275 27.06 30000
2.942552328109741 27.06 30000
2.945549964904785 27.06 30000
2.9485433101654053 27.06 30000
2.952528476715088 27.06 30000
2.954738140106201 27.1 30000
2.9593122005462646 27.1 30000
2.962303638458252 27.1 30000
2.9652836322784424 27.1 30000
2.9682483673095703 27.1 30000
2.9725170135498047 27.1 30000
2.976513385772705 27.13 30000
2.980454921722412 27.13 30000
2.9844462871551514 27.13 30000
2.987435817718506 27.13 30000
2.9904093742370605 27.13 30000
2.9953503608703613 27.16 30000
3.005920648574829 27.16 30000
3.009033203125 27.16 30000
3.0125551223754883 27.2 30000
3.0163514614105225 27.2 30000
3.0194501876831055 27.2 30000
3.0223331451416016 27.2 30000
3.0253283977508545 27.2 30000
3.030334949493408 27.2 30000
3.033306360244751 27.23 30000
3.0364317893981934 27.23 30000
3.039290428161621 27.23 30000
3.0421993732452393 27.23 30000
3.045191764831543 27.23 30000
3.048184633255005 27.23 30000
3.051276922225952 27.27 30000
3.0542919635772705 27.27 30000
3.057558059692383 27.27 30000
3.059502601623535 27.27 30000
3.062753200531006 27.27 30000
3.0666112899780273 27.27 30000
3.068920135498047 27.27 30000
3.071643114089966 27.3 30000
3.0759096145629883 27.3 30000
3.0795295238494873 27.3 30000
3.081519365310669 27.3 30000
3.085508108139038 27.3 30000
3.0894968509674072 27.3 30000
3.093397617340088 27.34 30000
3.0973033905029297 27.34 30000
3.101439952850342 27.34 30000
3.104396343231201 27.34 30000
3.108386993408203 27.34 30000
3.1109507083892822 27.37 30000
3.1139397621154785 27.37 30000
3.1225745677948 27.37 30000
3.1252732276916504 27.37 30000
3.1278584003448486 27.37 30000
3.130941390991211 27.4 30000
3.1344187259674072 27.4 30000
3.1391265392303467 27.4 30000
3.1417744159698486 27.4 30000
3.1448287963867188 27.4 30000
3.147757053375244 27.4 30000
3.1507487297058105 27.44 30000
3.153853178024292 27.44 30000
3.15675687789917 27.44 30000
3.1603763103485107 27.44 30000
3.163311004638672 27.44 30000
3.1663002967834473 27.44 30000
3.170288562774658 27.47 30000
3.173283338546753 27.47 30000
3.1763391494750977 27.47 30000
3.179264783859253 27.47 30000
3.182257652282715 27.47 30000
3.186251401901245 27.47 30000
3.1905853748321533 27.47 30000
3.194592237472534 27.51 30000
3.1985387802124023 27.51 30000
3.2007851600646973 27.51 30000
3.205631732940674 27.51 30000
3.209658622741699 27.51 30000
3.2127134799957275 27.54 30000
3.2175979614257812 27.54 30000
3.2215898036956787 27.54 30000
3.2256104946136475 27.54 30000
3.2295660972595215 27.54 30000
3.232597589492798 27.57 30000
3.236572742462158 27.57 30000
3.2401211261749268 27.57 30000
3.244063377380371 27.57 30000
3.2480595111846924 27.57 30000
3.2512600421905518 27.61 30000
3.255035638809204 27.61 30000
3.258201837539673 27.61 30000
3.263223886489868 27.61 30000
3.266362428665161 27.61 30000
3.270235300064087 27.65 30000
3.2733981609344482 27.65 30000
3.2761881351470947 27.65 30000
3.2801787853240967 27.65 30000
3.283167839050293 27.65 30000
3.286198854446411 27.65 30000
3.289290189743042 27.68 30000
3.2918856143951416 27.68 30000
3.295872926712036 27.68 30000
3.298933982849121 27.68 30000
3.301858901977539 27.68 30000
3.3049676418304443 27.68 30000
3.307842254638672 27.68 30000
3.3114113807678223 27.72 30000
3.3144044876098633 27.72 30000
3.3175041675567627 27.72 30000
3.3203935623168945 27.72 30000
3.3234689235687256 27.72 30000
3.327458620071411 27.72 30000
3.330873966217041 27.75 30000
3.3339531421661377 27.75 30000
3.3370423316955566 27.75 30000
3.3420779705047607 27.75 30000
3.3450706005096436 27.75 30000
3.34805965423584 27.75 30000
3.3510360717773438 27.79 30000
3.3550052642822266 27.79 30000
3.358978033065796 27.79 30000
3.361967086791992 27.79 30000
3.3649590015411377 27.79 30000
3.3679721355438232 27.79 30000
3.370944023132324 27.82 30000
3.374931573867798 27.82 30000
3.377978801727295 27.82 30000
3.3809518814086914 27.82 30000
3.3839547634124756 27.82 30000
3.38698673248291 27.82 30000
3.3903908729553223 27.86 30000
3.393352746963501 27.86 30000
3.3963472843170166 27.86 30000
3.399401903152466 27.86 30000
3.4023258686065674 27.86 30000
3.406447172164917 27.86 30000
3.409513473510742 27.9 30000
3.413278341293335 27.9 30000
3.41626238822937 27.9 30000
3.419294595718384 27.9 30000
3.422369956970215 27.9 30000
3.4253616333007812 27.9 30000
3.4283556938171387 27.94 30000
3.4313461780548096 27.94 30000
3.4343414306640625 27.94 30000
3.437328338623047 27.94 30000
3.4402964115142822 27.94 30000
3.4442555904388428 27.94 30000
3.4482429027557373 27.97 30000
3.4522316455841064 27.97 30000
3.4552268981933594 27.97 30000
3.457958459854126 27.97 30000
3.462069511413574 27.97 30000
3.465057373046875 27.97 30000
3.46907114982605 28.01 30000
3.472038745880127 28.01 30000
3.4750304222106934 28.01 30000
3.4780311584472656 28.01 30000
3.4810562133789062 28.01 30000
3.4840104579925537 28.04 30000
3.4870386123657227 28.04 30000
3.4901621341705322 28.04 30000
3.493084669113159 28.04 30000
3.4960763454437256 28.04 30000
3.50006365776062 28.04 30000
3.503056526184082 28.04 30000
3.5060477256774902 28.08 30000
3.509199619293213 28.08 30000
3.5120322704315186 28.08 30000
3.5150322914123535 28.08 30000
3.5180153846740723 28.08 30000
3.521029472351074 28.08 30000
3.5240001678466797 28.12 30000
3.5269994735717773 28.12 30000
3.5307321548461914 28.12 30000
3.5348823070526123 28.12 30000
3.538130044937134 28.12 30000
3.540881633758545 28.12 30000
3.5457324981689453 28.16 30000
3.5487239360809326 28.16 30000
3.551757335662842 28.16 30000
3.555753469467163 28.16 30000
3.557749032974243 28.16 30000
3.5625007152557373 28.16 30000
3.5654916763305664 28.19 30000
3.5685064792633057 28.19 30000
3.57157826423645 28.19 30000
3.574467182159424 28.19 30000
3.5774600505828857 28.19 30000
3.5803065299987793 28.19 30000
3.583238363265991 28.19 30000
3.5862221717834473 28.23 30000
3.5892131328582764 28.23 30000
3.59420108795166 28.23 30000
3.5982320308685303 28.23 30000
3.6011874675750732 28.23 30000
3.6041810512542725 28.26 30000
3.6071665287017822 28.26 30000
3.6099131107330322 28.26 30000
3.6134629249572754 28.26 30000
3.616461992263794 28.26 30000
3.6195321083068848 28.26 30000
3.622131586074829 28.26 30000
3.625074863433838 28.3 30000
3.6280877590179443 28.3 30000
3.631058931350708 28.3 30000
3.63504695892334 28.3 30000
3.638040542602539 28.3 30000
3.6411397457122803 28.3 30000
3.644024133682251 28.34 30000
3.647017478942871 28.34 30000
3.6504316329956055 28.34 30000
3.6534295082092285 28.34 30000
3.656421184539795 28.34 30000
3.659414291381836 28.34 30000
3.6624081134796143 28.38 30000
3.665398359298706 28.38 30000
3.6683905124664307 28.38 30000
3.671942710876465 28.38 30000
3.674807071685791 28.38 30000
3.6786680221557617 28.38 30000
3.6824822425842285 28.41 30000
3.6864328384399414 28.41 30000
3.6894233226776123 28.41 30000
3.6916329860687256 28.41 30000
3.695457696914673 28.41 30000
3.6984496116638184 28.41 30000
3.701099157333374 28.45 30000
3.7041449546813965 28.45 30000
3.7070841789245605 28.45 30000
3.7105515003204346 28.45 30000
3.7134978771209717 28.45 30000
3.717484712600708 28.45 30000
3.7205166816711426 28.45 30000
3.723468780517578 28.49 30000
3.726593494415283 28.49 30000
3.729506254196167 28.49 30000
3.732445240020752 28.49 30000
3.7354352474212646 28.49 30000
3.73852276802063 28.49 30000
3.741575002670288 28.53 30000
3.744417190551758 28.53 30000
3.7474074363708496 28.53 30000
3.751134157180786 28.53 30000
3.7551212310791016 28.53 30000
3.7581100463867188 28.53 30000
3.7615556716918945 28.57 30000
3.7645957469940186 28.57 30000
3.7686073780059814 28.57 30000
3.770894765853882 28.57 30000
3.7737984657287598 28.57 30000
3.7779319286346436 28.57 30000
3.7817769050598145 28.61 30000
3.78476881980896 28.61 30000
3.7878029346466064 28.61 30000
3.7910585403442383 28.61 30000
3.7940480709075928 28.61 30000
3.7980339527130127 28.61 30000
3.801028251647949 28.64 30000
3.8040192127227783 28.64 30000
3.807008743286133 28.64 30000
3.8100028038024902 28.64 30000
3.813044309616089 28.64 30000
3.815985679626465 28.64 30000
3.8199760913848877 28.68 30000
3.8230631351470947 28.68 30000
3.8260130882263184 28.68 30000
3.8290042877197266 28.68 30000
3.8320047855377197 28.68 30000
3.8350186347961426 28.68 30000
3.8379809856414795 28.72 30000
3.8409767150878906 28.72 30000
3.844965934753418 28.72 30000
3.8479793071746826 28.72 30000
3.851001501083374 28.72 30000
3.8539891242980957 28.72 30000
3.8569841384887695 28.72 30000
3.860990285873413 28.76 30000
3.864165782928467 28.76 30000
3.8669776916503906 28.76 30000
3.8703811168670654 28.76 30000
3.873415946960449 28.76 30000
3.8763139247894287 28.76 30000
3.879305601119995 28.8 30000
3.88249135017395 28.8 30000
3.8853909969329834 28.8 30000
3.8884189128875732 28.8 30000
3.892334222793579 28.8 30000
3.895285129547119 28.8 30000
3.8982772827148438 28.83 30000
3.901454448699951 28.83 30000
3.9064135551452637 28.83 30000
3.909359931945801 28.83 30000
3.912280559539795 28.83 30000
3.915231466293335 28.83 30000
3.9182498455047607 28.87 30000
3.9230175018310547 28.87 30000
3.9262373447418213 28.87 30000
3.9289984703063965 28.87 30000
3.9322550296783447 28.87 30000
3.9354076385498047 28.87 30000
3.9394290447235107 28.91 30000
3.9422707557678223 28.91 30000
3.945220947265625 28.91 30000
3.9482123851776123 28.91 30000
3.95124888420105 28.91 30000
3.9551939964294434 28.91 30000
3.958188533782959 28.95 30000
3.961184024810791 28.95 30000
3.964169979095459 28.95 30000
3.9674696922302246 28.95 30000
3.9704811573028564 28.95 30000
3.973480701446533 28.95 30000
3.9765162467956543 28.95 30000
3.9785890579223633 28.99 30000
3.9821927547454834 28.99 30000
3.985539674758911 28.99 30000
3.9881718158721924 28.99 30000
3.9914047718048096 28.99 30000
3.9943959712982178 28.99 30000
3.9973878860473633 29.03 30000
4.0015482902526855 29.03 30000
4.0045390129089355 29.03 30000
4.006802320480347 29.03 30000
4.010570287704468 29.03 30000
4.013514757156372 29.03 30000
4.0175089836120605 29.06 30000
4.02033543586731 29.06 30000
4.02321720123291 29.06 30000
4.026261329650879 29.06 30000
4.029203414916992 29.06 30000
4.033237934112549 29.06 30000
4.036183595657349 29.1 30000
4.039175033569336 29.1 30000
4.0421671867370605 29.1 30000
4.045159578323364 29.1 30000
4.0491509437561035 29.1 30000
4.0523552894592285 29.1 30000
4.05534553527832 29.1 30000
4.058337926864624 29.14 30000
4.0664496421813965 29.14 30000
4.069440603256226 29.14 30000
4.071435213088989 29.14 30000
4.0754714012146 29.14 30000
4.079496145248413 29.18 30000
4.0824127197265625 29.18 30000
4.0854387283325195 29.18 30000
4.08838963508606 29.18 30000
4.091382741928101 29.18 30000
4.096371412277222 29.22 30000
4.099401950836182 29.22 30000
4.102352857589722 29.22 30000
4.105440855026245 29.22 30000
4.10933518409729 29.22 30000
4.112325668334961 29.22 30000
4.11531925201416 29.26 30000
4.1183106899261475 29.26 30000
4.121303081512451 29.26 30000
4.126295328140259 29.26 30000
4.129284620285034 29.26 30000
4.1325461864471436 29.26 30000
4.134775400161743 29.29 30000
4.138532638549805 29.29 30000
4.141520977020264 29.29 30000
4.1435546875 29.29 30000
4.147536516189575 29.29 30000
4.150292873382568 29.29 30000
4.153265714645386 29.29 30000
4.156256914138794 29.33 30000
4.159249782562256 29.33 30000
4.161647081375122 29.33 30000
4.165619373321533 29.33 30000
4.168613910675049 29.33 30000
4.170607089996338 29.33 30000
4.174593925476074 29.33 30000
4.177583694458008 29.37 30000
4.179611682891846 29.37 30000
4.183569669723511 29.37 30000
4.187064170837402 29.37 30000
4.190324544906616 29.37 30000
4.194178819656372 29.37 30000
4.1971681118011475 29.41 30000
4.201157093048096 29.41 30000
4.204228401184082 29.41 30000
4.207143068313599 29.41 30000
4.210299968719482 29.41 30000
4.214256763458252 29.41 30000
4.217244386672974 29.45 30000
4.220236301422119 29.45 30000
4.222734212875366 29.45 30000
4.226421117782593 29.45 30000
4.229416370391846 29.45 30000
4.233198642730713 29.45 30000
4.236189842224121 29.49 30000
4.240417957305908 29.49 30000
4.2434282302856445 29.49 30000
4.248367786407471 29.49 30000
4.252596378326416 29.49 30000
4.254536151885986 29.53 30000
4.258526563644409 29.53 30000
4.262237071990967 29.53 30000
4.26522421836853 29.53 30000
4.268181800842285 29.53 30000
4.271517515182495 29.53 30000
4.274162769317627 29.56 30000
4.277156352996826 29.56 30000
4.280149936676025 29.56 30000
4.283138275146484 29.56 30000
4.286178112030029 29.56 30000
4.289123296737671 29.56 30000
4.292156934738159 29.56 30000
4.295106649398804 29.6 30000
4.298140048980713 29.6 30000
4.301435708999634 29.6 30000
4.304082870483398 29.6 30000
4.3070759773254395 29.6 30000
4.3110668659210205 29.6 30000
4.314055681228638 29.64 30000
4.317047834396362 29.64 30000
4.320315599441528 29.64 30000
4.3241119384765625 29.64 30000
4.327101945877075 29.64 30000
4.330256462097168 29.64 30000
4.333277702331543 29.68 30000
4.336238145828247 29.68 30000
4.339235067367554 29.68 30000
4.342219591140747 29.68 30000
4.345213413238525 29.68 30000
4.348206281661987 29.68 30000
4.351151704788208 29.68 30000
4.35463547706604 29.72 30000
4.368210077285767 29.72 30000
4.373315334320068 29.76 30000
4.376193284988403 29.76 30000
4.379279851913452 29.76 30000
4.382214546203613 29.76 30000
4.385167121887207 29.76 30000
4.388157844543457 29.76 30000
4.391123056411743 29.76 30000
4.394114971160889 29.8 30000
4.397108793258667 29.8 30000
4.400099277496338 29.8 30000
4.405088901519775 29.8 30000
4.408079385757446 29.8 30000
4.411071300506592 29.8 30000
4.414104223251343 29.84 30000
4.41706109046936 29.84 30000
4.420063257217407 29.84 30000
4.423037767410278 29.84 30000
4.426029443740845 29.84 30000
4.429062128067017 29.84 30000
4.432052373886108 29.88 30000
4.435006380081177 29.88 30000
4.438000679016113 29.88 30000
4.441082239151001 29.88 30000
4.443985462188721 29.88 30000
4.447023391723633 29.88 30000
4.450962781906128 29.88 30000
4.4539549350738525 29.92 30000
4.456948280334473 29.92 30000
4.4600090980529785 29.92 30000
4.462563753128052 29.92 30000
4.465725660324097 29.92 30000
4.469510316848755 29.92 30000
4.471526622772217 29.96 30000
4.475494146347046 29.96 30000
4.478484392166138 29.96 30000
4.481503486633301 29.96 30000
4.4846720695495605 29.96 30000
4.487464189529419 29.96 30000
4.490232229232788 30.0 30000
4.494141578674316 30.0 30000
4.497167348861694 30.0 30000
4.500515460968018 30.0 30000
4.5035271644592285 30.0 30000
4.506470441818237 30.0 30000
4.512396335601807 30.04 30000
4.515388250350952 30.04 30000
4.518523216247559 30.04 30000
4.521374702453613 30.04 30000
4.5243730545043945 30.04 30000
4.528353452682495 30.04 30000
4.531345367431641 30.08 30000
4.535374402999878 30.08 30000
4.5383265018463135 30.08 30000
4.541411638259888 30.08 30000
4.544316530227661 30.08 30000
4.548301458358765 30.08 30000
4.552436590194702 30.12 30000
4.555392742156982 30.12 30000
4.5593767166137695 30.12 30000
4.562373399734497 30.12 30000
4.56536078453064 30.12 30000
4.568424701690674 30.12 30000
4.5713865756988525 30.15 30000
4.575334548950195 30.15 30000
4.578326940536499 30.15 30000
4.581317663192749 30.15 30000
4.58431339263916 30.15 30000
4.58730673789978 30.15 30000
4.591385841369629 30.19 30000
4.594290256500244 30.19 30000
4.598286390304565 30.19 30000
4.602264881134033 30.19 30000
4.606252193450928 30.19 30000
4.609245300292969 30.23 30000
4.613235950469971 30.23 30000
4.616353273391724 30.23 30000
4.619309425354004 30.23 30000
4.622249364852905 30.23 30000
4.625203847885132 30.23 30000
4.628232717514038 30.23 30000
4.631311893463135 30.28 30000
4.6341774463653564 30.28 30000
4.63820481300354 30.28 30000
4.641240119934082 30.28 30000
4.645282506942749 30.28 30000
4.648223638534546 30.32 30000
4.651215076446533 30.32 30000
4.654207229614258 30.32 30000
4.657200336456299 30.32 30000
4.660188913345337 30.32 30000
4.66322135925293 30.32 30000
4.666176795959473 30.32 30000
4.670480012893677 30.36 30000
4.673424243927002 30.36 30000
4.676415920257568 30.36 30000
4.679407358169556 30.36 30000
4.682406425476074 30.36 30000
4.685391664505005 30.36 30000
4.688384056091309 30.4 30000
4.691375970840454 30.4 30000
4.694370985031128 30.4 30000
4.698357105255127 30.4 30000
4.701349973678589 30.4 30000
4.704341173171997 30.4 30000
4.707335710525513 30.44 30000
4.711323976516724 30.44 30000
4.71730637550354 30.44 30000
4.7202982902526855 30.44 30000
4.7232935428619385 30.44 30000
4.726282358169556 30.48 30000
4.729279041290283 30.48 30000
4.733263969421387 30.48 30000
4.7362589836120605 30.48 30000
4.739248037338257 30.48 30000
4.743275165557861 30.48 30000
4.749337673187256 30.52 30000
4.753210067749023 30.52 30000
4.756206512451172 30.52 30000
4.760517358779907 30.52 30000
4.764535903930664 30.56 30000
4.767506837844849 30.56 30000
4.770458221435547 30.56 30000
4.773541688919067 30.56 30000
4.776453018188477 30.56 30000
4.781484842300415 30.56 30000
4.784420728683472 30.6 30000
4.787423849105835 30.6 30000
4.791409730911255 30.6 30000
4.79539155960083 30.6 30000
4.798383712768555 30.6 30000
4.8013756275177 30.6 30000
4.804490566253662 30.64 30000
4.807363748550415 30.64 30000
4.811351299285889 30.64 30000
4.815340280532837 30.64 30000
4.818332672119141 30.64 30000
4.822054147720337 30.64 30000
4.827042102813721 30.68 30000
4.830384254455566 30.68 30000
4.833299875259399 30.68 30000
4.836289882659912 30.68 30000
4.842387676239014 30.68 30000
4.845376491546631 30.72 30000
4.848370313644409 30.72 30000
4.851256847381592 30.72 30000
4.854285001754761 30.72 30000
4.8582539558410645 30.72 30000
4.8614184856414795 30.72 30000
4.864407777786255 30.76 30000
4.867401599884033 30.76 30000
4.87338662147522 30.76 30000
4.876600027084351 30.76 30000
4.87937593460083 30.76 30000
4.8823676109313965 30.76 30000
4.88638973236084 30.8 30000
4.889427423477173 30.8 30000
4.892332315444946 30.8 30000
4.895324468612671 30.8 30000
4.898319959640503 30.8 30000
4.901310205459595 30.8 30000
4.904304504394531 30.84 30000
4.907296419143677 30.84 30000
4.910287857055664 30.84 30000
4.913311004638672 30.84 30000
4.91737699508667 30.84 30000
4.921258449554443 30.84 30000
4.925245523452759 30.88 30000
4.92923378944397 30.88 30000
4.933223724365234 30.88 30000
4.936216831207275 30.88 30000
4.939210653305054 30.88 30000
4.9422447681427 30.88 30000
4.945193767547607 30.92 30000
4.948315858840942 30.92 30000
4.95158052444458 30.92 30000
4.9544899463653564 30.92 30000
4.95747971534729 30.92 30000
4.961259126663208 30.92 30000
4.9662439823150635 30.96 30000
4.969237565994263 30.96 30000
4.972227334976196 30.96 30000
4.9753241539001465 30.96 30000
4.979208707809448 30.96 30000
4.983201026916504 31.0 30000
4.986215829849243 31.0 30000
4.989183664321899 31.0 30000
4.992322683334351 31.0 30000
4.995169401168823 31.0 30000
4.99815821647644 31.0 30000
5.001150608062744 31.0 30000
5.004142999649048 31.04 30000