
0.0029637813568115234 40.07 2000
0.00595545768737793 40.07 2000
0.008947134017944336 40.07 2000
0.011942625045776367 40.07 2000
0.014930009841918945 40.07 2000
0.017914772033691406 40.07 2000
0.021912813186645508 40.07 2000
0.02490091323852539 40.07 2000
0.02789783477783203 40.07 2000
0.03087615966796875 40.07 2000
0.033864736557006836 40.07 2000
0.037856340408325195 40.07 2000
0.040849924087524414 40.07 2000
0.0438389778137207 40.07 2000
0.046950340270996094 40.07 2000
0.049930572509765625 40.07 2000
0.053907155990600586 40.08 2000
0.05689835548400879 40.08 2000
0.06893181800842285 40.08 2000
0.07192230224609375 40.08 2000
0.07491779327392578 40.08 2000
0.07798218727111816 40.08 2000
0.08089780807495117 40.08 2000
0.08489799499511719 40.08 2000
0.08788132667541504 40.08 2000
0.09089469909667969 40.08 2000
0.09387421607971191 40.09 2000
0.09773635864257812 40.09 2000
0.10175728797912598 40.09 2000
0.10399436950683594 40.09 2000
0.10684370994567871 40.09 2000
0.10969758033752441 40.09 2000
0.11280322074890137 40.09 2000
0.11667990684509277 40.09 2000
0.1207432746887207 40.09 2000
0.12465405464172363 40.09 2000
0.12775945663452148 40.09 2000
0.13382983207702637 40.1 2000
0.13683867454528809 40.1 2000
0.1397719383239746 40.1 2000
0.1427910327911377 40.1 2000
0.14771699905395508 40.1 2000
0.15071845054626465 40.1 2000
0.1539926528930664 40.1 2000
0.15699076652526855 40.1 2000
0.15976953506469727 40.1 2000
0.1637439727783203 40.1 2000
0.16698765754699707 40.1 2000
0.16981077194213867 40.1 2000
0.17277812957763672 40.1 2000
0.17576956748962402 40.1 2000
0.17876052856445312 40.1 2000
0.18175482749938965 40.1 2000
0.1857433319091797 40.1 2000
0.18778133392333984 40.1 2000
0.1907355785369873 40.1 2000
0.19481444358825684 40.11 2000
0.19773626327514648 40.11 2000
0.20084381103515625 40.11 2000
0.20373320579528809 40.11 2000
0.207716703414917 40.11 2000
0.210707426071167 40.11 2000
0.21397757530212402 40.11 2000
0.21773314476013184 40.11 2000
0.21981120109558105 40.11 2000
0.22280120849609375 40.11 2000
0.22579264640808105 40.11 2000
0.2290055751800537 40.11 2000
0.23377466201782227 40.11 2000
0.23776698112487793 40.11 2000
0.24075770378112793 40.11 2000
0.24387621879577637 40.11 2000
0.24685978889465332 40.11 2000
0.24984049797058105 40.11 2000
0.25312042236328125 40.12 2000
0.2558267116546631 40.12 2000
0.25927209854125977 40.12 2000
0.2619466781616211 40.12 2000
0.26505231857299805 40.12 2000
0.2677781581878662 40.12 2000
0.27181100845336914 40.12 2000
0.274761438369751 40.12 2000
0.2787468433380127 40.12 2000
0.2817404270172119 40.12 2000
0.28772401809692383 40.12 2000
0.29071474075317383 40.12 2000
0.2947063446044922 40.12 2000
0.2986938953399658 40.12 2000
0.30168724060058594 40.12 2000
0.3047151565551758 40.12 2000
0.30774760246276855 40.12 2000
0.3116569519042969 40.12 2000
0.31564998626708984 40.12 2000
0.3176441192626953 40.12 2000
0.32163238525390625 40.12 2000
0.32364583015441895 40.12 2000
0.32689666748046875 40.12 2000
0.329775333404541 40.12 2000
0.334369421005249 40.13 2000
0.3368222713470459 40.13 2000
0.33985376358032227 40.13 2000
0.3428502082824707 40.13 2000
0.3462953567504883 40.13 2000
0.3499417304992676 40.13 2000
0.3529353141784668 40.13 2000
0.355924129486084 40.13 2000
0.3591468334197998 40.13 2000
0.3646512031555176 40.13 2000
0.36864757537841797 40.13 2000
0.37163710594177246 40.13 2000
0.37462854385375977 40.13 2000
0.379746675491333 40.13 2000
0.3833787441253662 40.13 2000
0.3859596252441406 40.13 2000
0.3887481689453125 40.13 2000
0.39169788360595703 40.13 2000
0.3966851234436035 40.13 2000
0.39947009086608887 40.13 2000
0.4019894599914551 40.13 2000
0.40497756004333496 40.13 2000
0.40796709060668945 40.13 2000
0.4119560718536377 40.14 2000
0.4149801731109619 40.14 2000
0.41805243492126465 40.14 2000
0.42093443870544434 40.14 2000
0.42392444610595703 40.14 2000
0.4279167652130127 40.14 2000
0.4308490753173828 40.14 2000
0.43383264541625977 40.14 2000
0.43689775466918945 40.14 2000
0.44215989112854004 40.14 2000
0.44477295875549316 40.14 2000
0.4487638473510742 40.14 2000
0.4518857002258301 40.14 2000
0.45487332344055176 40.14 2000
0.4578709602355957 40.14 2000
0.4612267017364502 40.14 2000
0.4642186164855957 40.14 2000
0.467212438583374 40.14 2000
0.4701967239379883 40.14 2000
0.4731922149658203 40.14 2000
0.47625112533569336 40.14 2000
0.47917652130126953 40.14 2000
0.48316454887390137 40.14 2000
0.4861581325531006 40.14 2000
0.48992013931274414 40.15 2000
0.49283552169799805 40.15 2000
0.4959378242492676 40.15 2000
0.4988236427307129 40.15 2000
0.5018165111541748 40.15 2000
0.5048081874847412 40.15 2000
0.5077986717224121 40.15 2000
0.5107920169830322 40.15 2000
0.5137808322906494 40.15 2000
0.5171968936920166 40.15 2000
0.5207653045654297 40.15 2000
0.5237574577331543 40.15 2000
0.5267441272735596 40.15 2000
0.5297946929931641 40.15 2000
0.5327725410461426 40.15 2000
0.5357620716094971 40.15 2000
0.5390129089355469 40.15 2000
0.541748046875 40.15 2000
0.5447862148284912 40.15 2000
0.5477912425994873 40.15 2000
0.5517256259918213 40.15 2000
0.5547168254852295 40.15 2000
0.5578329563140869 40.15 2000
0.5611119270324707 40.15 2000
0.5640974044799805 40.15 2000
0.5672543048858643 40.15 2000
0.5699021816253662 40.15 2000
0.5728616714477539 40.15 2000
0.5758504867553711 40.15 2000
0.5788860321044922 40.15 2000
0.5819616317749023 40.15 2000
0.5849545001983643 40.15 2000
0.5879859924316406 40.15 2000
0.5910763740539551 40.15 2000
0.5941076278686523 40.15 2000
0.5984528064727783 40.15 2000
0.6011571884155273 40.15 2000
0.6043415069580078 40.15 2000
0.6071131229400635 40.15 2000
0.6101493835449219 40.16 2000
0.6131501197814941 40.16 2000
0.6161630153656006 40.16 2000
0.6191589832305908 40.16 2000
0.6217570304870605 40.16 2000
0.6247012615203857 40.16 2000
0.6293385028839111 40.16 2000
0.6328494548797607 40.16 2000
0.6358823776245117 40.16 2000
0.64003586769104 40.16 2000
0.6439840793609619 40.16 2000
0.6470675468444824 40.16 2000
0.6501405239105225 40.16 2000
0.6541404724121094 40.16 2000
0.6569075584411621 40.16 2000
0.6599388122558594 40.16 2000
0.6629314422607422 40.16 2000
0.6663877964019775 40.16 2000
0.6693568229675293 40.16 2000
0.6730282306671143 40.16 2000
0.6820526123046875 40.16 2000
0.6852385997772217 40.16 2000
0.6880369186401367 40.16 2000
0.6911277770996094 40.16 2000
0.6941218376159668 40.16 2000
0.6971652507781982 40.16 2000
0.7001438140869141 40.16 2000
0.7030966281890869 40.16 2000
0.7071304321289062 40.16 2000
0.7100777626037598 40.16 2000
0.7130718231201172 40.16 2000
0.7160654067993164 40.16 2000
0.7192056179046631 40.16 2000
0.7226817607879639 40.16 2000
0.7258210182189941 40.16 2000
0.7297568321228027 40.16 2000
0.7327971458435059 40.16 2000
0.7367947101593018 40.16 2000
0.7400264739990234 40.16 2000
0.7427816390991211 40.16 2000
0.7457242012023926 40.16 2000
0.7487914562225342 40.16 2000
0.7517645359039307 40.16 2000
0.7549173831939697 40.16 2000
0.7576897144317627 40.16 2000
0.7606995105743408 40.16 2000
0.7638182640075684 40.16 2000
0.7677905559539795 40.16 2000
0.770850419998169 40.16 2000
0.7738468647003174 40.16 2000
0.7768354415893555 40.16 2000
0.7799224853515625 40.16 2000
0.7829210758209229 40.16 2000
0.7861247062683105 40.16 2000
0.788949728012085 40.16 2000
0.7920117378234863 40.16 2000
0.7952194213867188 40.16 2000
0.798945426940918 40.16 2000
0.803497314453125 40.16 2000
0.8064596652984619 40.16 2000
0.8093771934509277 40.16 2000
0.8144006729125977 40.16 2000
0.8174645900726318 40.16 2000
0.8203849792480469 40.16 2000
0.8233382701873779 40.16 2000
0.826336145401001 40.16 2000
0.8303613662719727 40.16 2000
0.8333110809326172 40.16 2000
0.8363499641418457 40.16 2000
0.8392946720123291 40.16 2000
0.8433597087860107 40.16 2000
0.8465955257415771 40.17 2000
0.8493466377258301 40.17 2000
0.8523366451263428 40.17 2000
0.8553323745727539 40.17 2000
0.8593254089355469 40.17 2000
0.8618474006652832 40.17 2000
0.8654613494873047 40.17 2000
0.8685522079467773 40.17 2000
0.8709590435028076 40.17 2000
0.8739476203918457 40.17 2000
0.8769810199737549 40.17 2000
0.8799698352813721 40.17 2000
0.8829283714294434 40.17 2000
0.8859245777130127 40.17 2000
0.8889126777648926 40.17 2000
0.8949553966522217 40.17 2000
0.8980145454406738 40.17 2000
0.901008129119873 40.17 2000
0.9038989543914795 40.17 2000
0.9078888893127441 40.17 2000
0.9108772277832031 40.17 2000
0.913867712020874 40.17 2000
0.9171748161315918 40.17 2000
0.9198548793792725 40.17 2000
0.9248416423797607 40.17 2000
0.9282963275909424 40.17 2000
0.9308938980102539 40.17 2000
0.9338557720184326 40.17 2000
0.9368431568145752 40.17 2000
0.9412281513214111 40.17 2000
0.9437894821166992 40.17 2000
0.9467813968658447 40.17 2000
0.9507713317871094 40.17 2000
0.9538025856018066 40.17 2000
0.9567573070526123 40.17 2000
0.9597887992858887 40.17 2000
0.9637360572814941 40.17 2000
0.9669156074523926 40.17 2000
0.9718990325927734 40.17 2000
0.9759547710418701 40.17 2000
0.9788777828216553 40.17 2000
0.9829096794128418 40.17 2000
0.9859004020690918 40.17 2000
0.9888527393341064 40.17 2000
0.9921536445617676 40.17 2000
0.9951951503753662 40.17 2000
0.9991347789764404 40.17 2000
1.0032362937927246 40.17 2000
1.0061860084533691 40.17 2000
1.009904384613037 40.17 2000
1.013124704360962 40.17 2000
1.015864610671997 40.17 2000
1.0188584327697754 40.17 2000
1.0219874382019043 40.17 2000
1.0248816013336182 40.17 2000
1.028045654296875 40.17 2000
1.0310609340667725 40.17 2000
1.0359046459197998 40.17 2000
1.0389392375946045 40.17 2000
1.0423638820648193 40.17 2000
1.045400619506836 40.17 2000
1.0483803749084473 40.17 2000
1.051340103149414 40.17 2000
1.0553319454193115 40.17 2000
1.0593600273132324 40.17 2000
1.0623738765716553 40.17 2000
1.067054271697998 40.17 2000
1.0699799060821533 40.17 2000
1.0734167098999023 40.17 2000
1.075859785079956 40.17 2000
1.0787684917449951 40.17 2000
1.0817604064941406 40.17 2000
1.0847516059875488 40.17 2000
1.0878276824951172 40.17 2000
1.0907814502716064 40.17 2000
1.0937283039093018 40.17 2000
1.098759651184082 40.17 2000
1.1017417907714844 40.17 2000
1.105745792388916 40.17 2000
1.1088063716888428 40.17 2000
1.1130015850067139 40.17 2000
1.1157143115997314 40.17 2000
1.118703842163086 40.17 2000
1.1217060089111328 40.17 2000
1.1247937679290771 40.17 2000
1.1292741298675537 40.17 2000
1.1319093704223633 40.17 2000
1.1350631713867188 40.17 2000
1.137824296951294 40.17 2000
1.1408746242523193 40.16 2000
1.1448638439178467 40.16 2000
1.1479833126068115 40.16 2000
1.1508517265319824 40.16 2000
1.1548783779144287 40.16 2000
1.1588246822357178 40.16 2000
1.1628162860870361 40.16 2000
1.1668455600738525 40.16 2000
1.170011281967163 40.16 2000
1.1749672889709473 40.16 2000
1.178107738494873 40.16 2000
1.1809632778167725 40.16 2000
1.1840708255767822 40.16 2000
1.1880888938903809 40.16 2000
1.190934658050537 40.16 2000
1.1949236392974854 40.16 2000
1.1979224681854248 40.16 2000
1.2014269828796387 40.16 2000
1.2059309482574463 40.16 2000
1.2088866233825684 40.16 2000
1.2130331993103027 40.16 2000
1.2159860134124756 40.16 2000
1.2190334796905518 40.16 2000
1.2229688167572021 40.16 2000
1.2260019779205322 40.16 2000
1.2291059494018555 40.16 2000
1.232940912246704 40.16 2000
1.2365388870239258 40.16 2000
1.2389576435089111 40.16 2000
1.2419145107269287 40.16 2000
1.2450602054595947 40.16 2000
1.2479383945465088 40.16 2000
1.2518892288208008 40.16 2000
1.2554521560668945 40.16 2000
1.257873296737671 40.16 2000
1.2612488269805908 40.16 2000
1.2644667625427246 40.16 2000
1.267157793045044 40.16 2000
1.2710590362548828 40.16 2000
1.2740142345428467 40.16 2000
1.277003526687622 40.16 2000
1.2801334857940674 40.16 2000
1.283198595046997 40.16 2000
1.2870457172393799 40.16 2000
1.2897355556488037 40.16 2000
1.2927494049072266 40.16 2000
1.2960221767425537 40.16 2000
1.298682451248169 40.16 2000
1.302863359451294 40.16 2000
1.3058948516845703 40.16 2000
1.3088867664337158 40.16 2000
1.3128771781921387 40.16 2000
1.3158254623413086 40.16 2000
1.3188188076019287 40.16 2000
1.3229095935821533 40.16 2000
1.325822353363037 40.16 2000
1.3290727138519287 40.16 2000
1.3328263759613037 40.16 2000
1.3360536098480225 40.16 2000
1.3389616012573242 40.15 2000
1.3418185710906982 40.15 2000
1.3449065685272217 40.15 2000
1.3488659858703613 40.15 2000
1.351776361465454 40.15 2000
1.3548264503479004 40.15 2000
1.3578259944915771 40.15 2000
1.360858678817749 40.15 2000
1.3648262023925781 40.15 2000
1.3681228160858154 40.15 2000
1.3709475994110107 40.15 2000
1.3739330768585205 40.15 2000
1.3769245147705078 40.15 2000
1.379931926727295 40.15 2000
1.3827900886535645 40.15 2000
1.3867754936218262 40.15 2000
1.3907222747802734 40.15 2000
1.3942453861236572 40.15 2000
1.397141695022583 40.15 2000
1.3997395038604736 40.15 2000
1.4047291278839111 40.15 2000
1.4066836833953857 40.15 2000
1.4118077754974365 40.15 2000
1.4151029586791992 40.15 2000
1.419788122177124 40.15 2000
1.4218354225158691 40.15 2000
1.4247865676879883 40.15 2000
1.4277870655059814 40.15 2000
1.4307937622070312 40.15 2000
1.433941125869751 40.15 2000
1.437779426574707 40.15 2000
1.4407339096069336 40.15 2000
1.4447600841522217 40.15 2000
1.447713851928711 40.15 2000
1.4517016410827637 40.15 2000
1.4556915760040283 40.15 2000
1.4587278366088867 40.15 2000
1.4617156982421875 40.15 2000
1.4650764465332031 40.15 2000
1.4677610397338867 40.15 2000
1.4710547924041748 40.15 2000
1.4748938083648682 40.15 2000
1.4780340194702148 40.15 2000
1.4808785915374756 40.15 2000
1.4842476844787598 40.15 2000
1.4879019260406494 40.15 2000
1.4908533096313477 40.15 2000
1.494886875152588 40.15 2000
1.4988341331481934 40.14 2000
1.5019545555114746 40.14 2000
1.5074737071990967 40.14 2000
1.5099842548370361 40.14 2000
1.514066219329834 40.14 2000
1.5169658660888672 40.14 2000
1.5199170112609863 40.14 2000
1.5229122638702393 40.14 2000
1.5259695053100586 40.14 2000
1.5288996696472168 40.14 2000
1.531916856765747 40.14 2000
1.5348827838897705 40.14 2000
1.538872480392456 40.14 2000
1.5421130657196045 40.14 2000
1.5451045036315918 40.14 2000
1.5481610298156738 40.14 2000
1.5510516166687012 40.14 2000
1.5551791191101074 40.14 2000
1.5580825805664062 40.14 2000
1.5610175132751465 40.14 2000
1.5641884803771973 40.14 2000
1.5672690868377686 40.14 2000
1.5698776245117188 40.14 2000
1.57277250289917 40.14 2000
1.5763030052185059 40.14 2000
1.5797975063323975 40.14 2000
1.5819039344787598 40.14 2000
1.5869371891021729 40.14 2000
1.589874029159546 40.14 2000
1.592867136001587 40.14 2000
1.5960748195648193 40.14 2000
1.5988905429840088 40.14 2000
1.6018421649932861 40.14 2000
1.6050262451171875 40.14 2000
1.607832908630371 40.14 2000
1.6107842922210693 40.14 2000
1.6157634258270264 40.14 2000
1.6177582740783691 40.13 2000
1.621009111404419 40.13 2000
1.623744010925293 40.13 2000
1.6270711421966553 40.13 2000
1.630730390548706 40.13 2000
1.6347548961639404 40.13 2000
1.638702630996704 40.13 2000
1.6429307460784912 40.13 2000
1.6459195613861084 40.13 2000
1.6510586738586426 40.13 2000
1.654942274093628 40.13 2000
1.6579334735870361 40.13 2000
1.6612083911895752 40.13 2000
1.6650526523590088 40.13 2000
1.6680827140808105 40.13 2000
1.6710281372070312 40.13 2000
1.6749844551086426 40.13 2000
1.677978515625 40.13 2000
1.6810109615325928 40.13 2000
1.6840484142303467 40.13 2000
1.6869547367095947 40.13 2000
1.6896963119506836 40.13 2000
1.6936109066009521 40.13 2000
1.696838140487671 40.13 2000
1.6998116970062256 40.13 2000
1.702838659286499 40.13 2000
1.706702709197998 40.13 2000
1.7097420692443848 40.13 2000
1.7147223949432373 40.13 2000
1.7168090343475342 40.12 2000
1.7206692695617676 40.12 2000
1.7237920761108398 40.12 2000
1.72886061668396 40.12 2000
1.7324225902557373 40.12 2000
1.7356677055358887 40.12 2000
1.7396206855773926 40.12 2000
1.7427825927734375 40.12 2000
1.745598316192627 40.12 2000
1.7499074935913086 40.12 2000
1.752873420715332 40.12 2000
1.75693678855896 40.12 2000
1.7598118782043457 40.12 2000
1.7648379802703857 40.12 2000
1.768416166305542 40.12 2000
1.7713940143585205 40.12 2000
1.7756016254425049 40.12 2000
1.7783713340759277 40.12 2000
1.7813258171081543 40.12 2000
1.7853670120239258 40.12 2000
1.789309024810791 40.12 2000
1.7921333312988281 40.11 2000
1.7952532768249512 40.11 2000
1.7981252670288086 40.11 2000
1.80116605758667 40.11 2000
1.8041610717773438 40.11 2000
1.8081471920013428 40.11 2000
1.8111696243286133 40.11 2000
1.8139793872833252 40.11 2000
1.8170104026794434 40.11 2000
1.8199622631072998 40.11 2000
1.8230535984039307 40.11 2000
1.825991153717041 40.11 2000
1.829111099243164 40.11 2000
1.832345724105835 40.11 2000
1.8356149196624756 40.11 2000
1.8387932777404785 40.11 2000
1.8425180912017822 40.11 2000
1.8455138206481934 40.11 2000
1.8485379219055176 40.11 2000
1.8519341945648193 40.11 2000
1.8555243015289307 40.11 2000
1.8585147857666016 40.11 2000
1.8615069389343262 40.11 2000
1.864501714706421 40.11 2000
1.8667023181915283 40.11 2000
1.8704447746276855 40.11 2000
1.8732795715332031 40.11 2000
1.8764293193817139 40.11 2000
1.879265308380127 40.11 2000
1.8832919597625732 40.11 2000
1.8863282203674316 40.11 2000
1.889864206314087 40.11 2000
1.8934605121612549 40.1 2000
1.8968088626861572 40.1 2000
1.9007773399353027 40.1 2000
1.9041450023651123 40.1 2000
1.9068434238433838 40.1 2000
1.9096996784210205 40.1 2000
1.9126825332641602 40.1 2000
1.917125940322876 40.1 2000
1.9197213649749756 40.1 2000
1.9227423667907715 40.1 2000
1.9257171154022217 40.1 2000
1.929744005203247 40.1 2000
1.9327383041381836 40.1 2000
1.9356882572174072 40.1 2000
1.9399502277374268 40.1 2000
1.9429543018341064 40.1 2000
1.947906255722046 40.1 2000
1.9512529373168945 40.1 2000
1.9542100429534912 40.1 2000
1.957456350326538 40.1 2000
1.960019826889038 40.1 2000
1.9638240337371826 40.1 2000
1.9670097827911377 40.1 2000
1.9699444770812988 40.09 2000
1.9739279747009277 40.09 2000
1.978264570236206 40.09 2000
1.9810492992401123 40.09 2000
1.9839799404144287 40.09 2000
1.9870140552520752 40.09 2000
1.989961862564087 40.09 2000
1.9940946102142334 40.09 2000
1.9969799518585205 40.09 2000
2.0003929138183594 40.09 2000
2.0043785572052 40.09 2000
2.007368326187134 40.09 2000
2.010805130004883 40.09 2000
2.013972520828247 40.09 2000
2.017726421356201 40.09 2000
2.019866466522217 40.09 2000
2.0232343673706055 40.09 2000
2.0350725650787354 40.08 2000
2.0380265712738037 40.08 2000
2.0420145988464355 40.08 2000
2.0450387001037598 40.08 2000
2.04799747467041 40.08 2000
2.052034378051758 40.08 2000
2.055022954940796 40.08 2000
2.058967113494873 40.08 2000
2.0622658729553223 40.08 2000
2.065323829650879 40.08 2000
2.0698800086975098 40.08 2000
2.0737576484680176 40.08 2000
2.0769808292388916 40.08 2000
2.079806089401245 40.08 2000
2.0828137397766113 40.08 2000
2.086771249771118 40.08 2000
2.091463565826416 40.08 2000
2.095447301864624 40.08 2000
2.0997440814971924 40.08 2000
2.1027705669403076 40.08 2000
2.105708360671997 40.08 2000
2.1091349124908447 40.08 2000
2.1117424964904785 40.08 2000
2.11572265625 40.08 2000
2.1187145709991455 40.08 2000
2.121739387512207 40.08 2000
2.124767541885376 40.07 2000
2.1278727054595947 40.07 2000
2.1317532062530518 40.07 2000
2.1347098350524902 40.07 2000
2.1380672454833984 40.07 2000
2.1410720348358154 40.07 2000
2.143735647201538 40.07 2000
2.1468043327331543 40.07 2000
2.1498963832855225 40.07 2000
2.154924154281616 40.07 2000
2.1579391956329346 40.07 2000
2.1610114574432373 40.07 2000
2.165848731994629 40.07 2000
2.1692872047424316 40.07 2000
2.172290802001953 40.07 2000
2.1753246784210205 40.07 2000
2.17830228805542 40.07 2000
2.1814796924591064 40.07 2000
2.184542417526245 40.06 2000
2.187505006790161 40.06 2000
2.190471649169922 40.06 2000
2.1934621334075928 40.06 2000
2.1964032649993896 40.06 2000
2.2010107040405273 40.06 2000
2.204010009765625 40.06 2000
2.207008123397827 40.06 2000
2.2103946208953857 40.06 2000
2.213167190551758 40.06 2000
2.2171988487243652 40.06 2000
2.220573663711548 40.06 2000
2.2233362197875977 40.06 2000
2.2263715267181396 40.06 2000
2.2291922569274902 40.06 2000
2.2315962314605713 40.06 2000
2.234990119934082 40.06 2000
2.2379279136657715 40.06 2000
2.240628957748413 40.06 2000
2.2436039447784424 40.06 2000
2.2478854656219482 40.06 2000
2.25093936920166 40.06 2000
2.253957986831665 40.06 2000
2.2575650215148926 40.06 2000
2.259523630142212 40.06 2000
2.2635602951049805 40.05 2000
2.2655599117279053 40.05 2000
2.2694082260131836 40.05 2000
2.2729196548461914 40.05 2000
2.2759177684783936 40.05 2000
2.278904438018799 40.05 2000
2.2819981575012207 40.05 2000
2.2852978706359863 40.05 2000
2.2880759239196777 40.05 2000
2.2909767627716064 40.05 2000
2.2950901985168457 40.05 2000
2.2979650497436523 40.05 2000
2.301161527633667 40.05 2000
2.3040003776550293 40.05 2000
2.3068666458129883 40.05 2000
2.3100903034210205 40.05 2000
2.314016819000244 40.05 2000
2.317009210586548 40.05 2000
2.3199779987335205 40.05 2000
2.3219738006591797 40.05 2000
2.3249764442443848 40.05 2000
2.3279621601104736 40.05 2000
2.3307416439056396 40.05 2000
2.3337323665618896 40.05 2000
2.33676815032959 40.05 2000
2.3408761024475098 40.04 2000
2.3437068462371826 40.04 2000
2.3472812175750732 40.04 2000
2.3497371673583984 40.04 2000
2.3532724380493164 40.04 2000
2.357121706008911 40.04 2000
2.3605024814605713 40.04 2000
2.362947702407837 40.04 2000
2.3665106296539307 40.04 2000
2.3686294555664062 40.04 2000
2.373311758041382 40.04 2000
2.3763060569763184 40.04 2000
2.379307746887207 40.04 2000
2.382248640060425 40.03 2000
2.385282278060913 40.03 2000
2.389235258102417 40.03 2000
2.392336845397949 40.03 2000
2.395371198654175 40.03 2000
2.3983654975891113 40.03 2000
2.4011809825897217 40.03 2000
2.4051783084869385 40.03 2000
2.40816330909729 40.03 2000
2.411311388015747 40.03 2000
2.4141488075256348 40.03 2000
2.4171409606933594 40.03 2000
2.4198126792907715 40.03 2000
2.4227914810180664 40.03 2000
2.4258811473846436 40.03 2000
2.4289019107818604 40.03 2000
2.431922674179077 40.03 2000
2.435863971710205 40.03 2000
2.4397292137145996 40.03 2000
2.441761016845703 40.02 2000
2.4450185298919678 40.02 2000
2.4477555751800537 40.02 2000
2.4543819427490234 40.02 2000
2.457341194152832 40.02 2000
2.460334062576294 40.02 2000
2.464317798614502 40.02 2000
2.4685184955596924 40.02 2000
2.4722743034362793 40.02 2000
2.4754271507263184 40.02 2000
2.4783143997192383 40.02 2000
2.482232093811035 40.02 2000
2.4861719608306885 40.02 2000
2.490158796310425 40.02 2000
2.494206666946411 40.02 2000
2.500108003616333 40.02 2000
2.5030453205108643 40.02 2000
2.5059847831726074 40.02 2000
2.5097463130950928 40.02 2000
2.5137650966644287 40.02 2000
2.5176753997802734 40.02 2000
2.5197594165802 40.01 2000
2.5228097438812256 40.01 2000
2.526885509490967 40.01 2000
2.530829906463623 40.01 2000
2.5347659587860107 40.01 2000
2.5377583503723145 40.01 2000
2.5401718616485596 40.01 2000
2.5441689491271973 40.01 2000
2.5472939014434814 40.01 2000
2.5502376556396484 40.01 2000
2.553241729736328 40.01 2000
2.55660080909729 40.01 2000
2.5619280338287354 40.01 2000
2.564965009689331 40.01 2000
2.5697596073150635 40.01 2000
2.573643922805786 40.01 2000
2.5776894092559814 40.0 2000
2.579885959625244 40.0 2000
2.5828826427459717 40.0 2000
2.5860209465026855 40.0 2000
2.589852809906006 40.0 2000
2.5948853492736816 40.0 2000
2.598978281021118 40.0 2000
2.6038193702697754 40.0 2000
2.607844114303589 40.0 2000
2.6110920906066895 40.0 2000
2.6149449348449707 40.0 2000
2.6181297302246094 40.0 2000
2.621770143508911 40.0 2000
2.625758171081543 40.0 2000
2.628797769546509 40.0 2000
2.631789207458496 40.0 2000
2.6347336769104004 40.0 2000
2.636772871017456 40.0 2000
2.6411333084106445 40.0 2000
2.645124912261963 40.0 2000
2.6491758823394775 40.0 2000
2.653616428375244 40.0 2000
2.656792640686035 39.99 2000
2.6601336002349854 39.99 2000
2.664137840270996 39.99 2000
2.667435646057129 39.99 2000
2.6722211837768555 39.99 2000
2.6753957271575928 39.99 2000
2.6782608032226562 39.99 2000
2.6811463832855225 39.99 2000
2.683835029602051 39.99 2000
2.688995599746704 39.99 2000
2.6920583248138428 39.99 2000
2.6959846019744873 39.99 2000
2.6998677253723145 39.99 2000
2.7029922008514404 39.99 2000
2.705803155899048 39.99 2000
2.70979380607605 39.99 2000
2.7127857208251953 39.99 2000
2.7157790660858154 39.98 2000
2.71903395652771 39.98 2000
2.7218451499938965 39.98 2000
2.72575306892395 39.98 2000
2.7298617362976074 39.98 2000
2.734865188598633 39.98 2000
2.73885440826416 39.98 2000
2.7419607639312744 39.98 2000
2.745039939880371 39.98 2000
2.7501702308654785 39.98 2000
2.7538349628448486 39.98 2000
2.7569174766540527 39.98 2000
2.7601828575134277 39.98 2000
2.7652134895324707 39.98 2000
2.769158363342285 39.98 2000
2.7731802463531494 39.98 2000
2.775800943374634 39.97 2000
2.779831886291504 39.97 2000
2.7828338146209717 39.97 2000
2.7858216762542725 39.97 2000
2.7889785766601562 39.97 2000
2.7927939891815186 39.97 2000
2.796740770339966 39.97 2000
2.799816846847534 39.97 2000
2.8031187057495117 39.97 2000
2.805809259414673 39.97 2000
2.811140775680542 39.97 2000
2.813941717147827 39.97 2000
2.817634344100952 39.97 2000
2.819976329803467 39.97 2000
2.82320499420166 39.97 2000
2.827303409576416 39.97 2000
2.830044746398926 39.97 2000
2.8340280055999756 39.96 2000
2.8380179405212402 39.96 2000
2.842007637023926 39.96 2000
2.845043182373047 39.96 2000
2.8480563163757324 39.96 2000
2.8510379791259766 39.96 2000
2.855990409851074 39.96 2000
2.8598384857177734 39.96 2000
2.862825632095337 39.96 2000
2.86487078666687 39.96 2000
2.8680388927459717 39.96 2000
2.8729939460754395 39.96 2000
2.8760411739349365 39.96 2000
2.87898850440979 39.96 2000
2.8820583820343018 39.96 2000
2.8850700855255127 39.96 2000
2.8899033069610596 39.96 2000
2.8931543827056885 39.95 2000
2.8961470127105713 39.95 2000
2.899138927459717 39.95 2000
2.9041292667388916 39.95 2000
2.90720272064209 39.95 2000
2.9111452102661133 39.95 2000
2.9151432514190674 39.95 2000
2.919827699661255 39.95 2000
2.9228131771087646 39.95 2000
2.9257681369781494 39.95 2000
2.9297614097595215 39.95 2000
2.9346818923950195 39.95 2000
2.9376747608184814 39.95 2000
2.9398155212402344 39.95 2000
2.9438486099243164 39.95 2000
2.9488956928253174 39.95 2000
2.95182204246521 39.94 2000
2.9557688236236572 39.94 2000
2.9578161239624023 39.94 2000
2.9617538452148438 39.94 2000
2.966834783554077 39.94 2000
2.971205711364746 39.94 2000
2.9741523265838623 39.94 2000
2.9771454334259033 39.94 2000
2.981295108795166 39.94 2000
2.98512864112854 39.94 2000
2.9881691932678223 39.94 2000
2.9923932552337646 39.94 2000
2.996265411376953 39.94 2000
2.999140739440918 39.94 2000
3.0025813579559326 39.94 2000
3.0050697326660156 39.94 2000
3.010209798812866 39.93 2000
3.015211343765259 39.93 2000
3.0197689533233643 39.93 2000
3.02370548248291 39.93 2000
3.0276975631713867 39.93 2000
3.029688835144043 39.93 2000
3.0328240394592285 39.93 2000
3.036724090576172 39.93 2000
3.039736270904541 39.93 2000
3.0429816246032715 39.93 2000
3.0467333793640137 39.93 2000
3.049773693084717 39.93 2000
3.0526793003082275 39.93 2000
3.055668830871582 39.93 2000
3.059770345687866 39.93 2000
3.063699960708618 39.93 2000
3.066772222518921 39.93 2000
3.069657802581787 39.92 2000
3.074633836746216 39.92 2000
3.0786263942718506 39.92 2000
3.0822129249572754 39.92 2000
3.085179328918457 39.92 2000
3.089163064956665 39.92 2000
3.092202663421631 39.92 2000
3.0951948165893555 39.92 2000
3.098141670227051 39.92 2000
3.1010496616363525 39.92 2000
3.105034351348877 39.92 2000
3.1080210208892822 39.92 2000
3.111193895339966 39.92 2000
3.1140871047973633 39.92 2000
3.117077350616455 39.92 2000
3.1207728385925293 39.92 2000
3.122765302658081 39.92 2000
3.1258111000061035 39.92 2000
3.1297459602355957 39.91 2000
3.1327977180480957 39.91 2000
3.135915756225586 39.91 2000
3.139777660369873 39.91 2000
3.1428229808807373 39.91 2000
3.146759271621704 39.91 2000
3.1518239974975586 39.91 2000
3.1538681983947754 39.91 2000
3.1578478813171387 39.91 2000
3.161792755126953 39.91 2000
3.1649296283721924 39.91 2000
3.168825149536133 39.91 2000
3.172764778137207 39.91 2000
3.1758005619049072 39.91 2000
3.1796977519989014 39.91 2000
3.1836397647857666 39.91 2000
3.1876847743988037 39.9 2000
3.1916186809539795 39.9 2000
3.1946630477905273 39.9 2000
3.199638605117798 39.9 2000
3.202589750289917 39.9 2000
3.205580234527588 39.9 2000
3.208627462387085 39.9 2000
3.210946559906006 39.9 2000
3.2160356044769287 39.9 2000
3.219020366668701 39.9 2000
3.2219324111938477 39.9 2000
3.2250967025756836 39.9 2000
3.2300498485565186 39.9 2000
3.23404860496521 39.9 2000
3.237711191177368 39.9 2000
3.2400856018066406 39.9 2000
3.2431509494781494 39.9 2000
3.2466747760772705 39.89 2000
3.2491090297698975 39.89 2000
3.2520480155944824 39.89 2000
3.255072593688965 39.89 2000
3.2598416805267334 39.89 2000
3.2629013061523438 39.89 2000
3.2660913467407227 39.89 2000
3.2690751552581787 39.89 2000
3.2721006870269775 39.89 2000
3.2770938873291016 39.89 2000
3.2801413536071777 39.89 2000
3.2840914726257324 39.89 2000
3.2890663146972656 39.89 2000
3.292057991027832 39.89 2000
3.2952051162719727 39.89 2000
3.298093795776367 39.89 2000
3.3010711669921875 39.89 2000
3.3041841983795166 39.89 2000
3.307018756866455 39.88 2000
3.310065984725952 39.88 2000
3.3132381439208984 39.88 2000
3.316235303878784 39.88 2000
3.319945812225342 39.88 2000
3.322903871536255 39.88 2000
3.3258895874023438 39.88 2000
3.3290982246398926 39.88 2000
3.3340978622436523 39.88 2000
3.338088274002075 39.88 2000
3.3410751819610596 39.88 2000
3.3451497554779053 39.88 2000
3.3491249084472656 39.87 2000
3.354343891143799 39.87 2000
3.3583292961120605 39.87 2000
3.3613240718841553 39.87 2000
3.3662595748901367 39.87 2000
3.369363307952881 39.87 2000
3.3718767166137695 39.87 2000
3.374925136566162 39.87 2000
3.378028631210327 39.87 2000
3.3818607330322266 39.87 2000
3.3848414421081543 39.87 2000
3.387951135635376 39.87 2000
3.3909409046173096 39.87 2000
3.3939507007598877 39.87 2000
3.409834623336792 39.86 2000
3.414811372756958 39.86 2000
3.417844295501709 39.86 2000
3.4198992252349854 39.86 2000
3.422910690307617 39.86 2000
3.425945997238159 39.86 2000
3.431931734085083 39.86 2000
3.434913158416748 39.86 2000
3.439896583557129 39.86 2000
3.4438955783843994 39.86 2000
3.4478323459625244 39.86 2000
3.4518251419067383 39.86 2000
3.455810070037842 39.86 2000
3.460078716278076 39.86 2000
3.4640655517578125 39.85 2000
3.4670920372009277 39.85 2000
3.470179557800293 39.85 2000
3.4751288890838623 39.85 2000
3.4781155586242676 39.85 2000
3.4814858436584473 39.85 2000
3.4854824542999268 39.85 2000
3.4883432388305664 39.85 2000
3.493283748626709 39.85 2000
3.4962332248687744 39.85 2000
3.500429630279541 39.85 2000
3.5055418014526367 39.84 2000
3.5083096027374268 39.84 2000
3.5114636421203613 39.84 2000
3.514404058456421 39.84 2000
3.517453193664551 39.84 2000
3.5225331783294678 39.84 2000
3.525524616241455 39.84 2000
3.528646945953369 39.84 2000
3.531592845916748 39.84 2000
3.5346553325653076 39.84 2000
3.5374999046325684 39.84 2000
3.5401315689086914 39.84 2000
3.544069528579712 39.83 2000
3.5470666885375977 39.83 2000
3.5532004833221436 39.83 2000
3.557227373123169 39.83 2000
3.5611891746520996 39.83 2000
3.5651655197143555 39.83 2000
3.5698535442352295 39.83 2000
3.5727741718292236 39.83 2000
3.5758848190307617 39.83 2000
3.579799175262451 39.83 2000
3.5828940868377686 39.83 2000
3.585930824279785 39.83 2000
3.5888781547546387 39.83 2000
3.592912197113037 39.83 2000
3.5968570709228516 39.83 2000
3.599926233291626 39.83 2000
3.602928638458252 39.82 2000
3.6079163551330566 39.82 2000
3.611849546432495 39.82 2000
3.615838050842285 39.82 2000
3.619828224182129 39.82 2000
3.6229169368743896 39.82 2000
3.627911329269409 39.82 2000
3.631115674972534 39.82 2000
3.6420631408691406 39.82 2000
3.645042896270752 39.81 2000
3.648050308227539 39.81 2000
3.651007652282715 39.81 2000
3.6540446281433105 39.81 2000
3.6569900512695312 39.81 2000
3.6610019207000732 39.81 2000
3.6640138626098633 39.81 2000
3.6671199798583984 39.81 2000
3.6700057983398438 39.81 2000
3.676239013671875 39.81 2000
3.6789841651916504 39.81 2000
3.682973861694336 39.8 2000
3.6869091987609863 39.8 2000
3.690939426422119 39.8 2000
3.6959288120269775 39.8 2000
3.699911594390869 39.8 2000
3.70320987701416 39.8 2000
3.7068748474121094 39.8 2000
3.7098255157470703 39.8 2000
3.7128536701202393 39.8 2000
3.7168545722961426 39.8 2000
3.7207961082458496 39.8 2000
3.7258481979370117 39.8 2000
3.7299561500549316 39.8 2000
3.733858346939087 39.8 2000
3.736881971359253 39.8 2000
3.7408337593078613 39.8 2000
3.744030237197876 39.79 2000
3.747830390930176 39.79 2000
3.7518041133880615 39.79 2000
3.7561116218566895 39.79 2000
3.759943723678589 39.79 2000
3.7629425525665283 39.79 2000
3.76885986328125 39.79 2000
3.77190899848938 39.79 2000
3.7739481925964355 39.79 2000
3.777892589569092 39.79 2000
3.781036138534546 39.79 2000
3.786045551300049 39.78 2000
3.7890572547912598 39.78 2000
3.7919909954071045 39.78 2000
3.795215606689453 39.78 2000
3.8013455867767334 39.78 2000
3.804387331008911 39.78 2000
3.8073794841766357 39.78 2000
3.81032657623291 39.78 2000
3.813720226287842 39.78 2000
3.8177390098571777 39.78 2000
3.820693254470825 39.78 2000
3.8236849308013916 39.77 2000
3.8266773223876953 39.77 2000
3.830719470977783 39.77 2000
3.834784746170044 39.77 2000
3.83778977394104 39.77 2000
3.840181589126587 39.77 2000
3.843198537826538 39.77 2000
3.848271608352661 39.77 2000
3.8521130084991455 39.77 2000
3.8561127185821533 39.77 2000
3.85969877243042 39.77 2000
3.8637030124664307 39.77 2000
3.8666863441467285 39.77 2000
3.8696391582489014 39.77 2000
3.872634172439575 39.77 2000
3.8756604194641113 39.77 2000
3.8802294731140137 39.77 2000
3.8844025135040283 39.76 2000
3.8872318267822266 39.76 2000
3.8900952339172363 39.76 2000
3.8952062129974365 39.76 2000
3.8981080055236816 39.76 2000
3.90114688873291 39.76 2000
3.9059627056121826 39.76 2000
3.910949230194092 39.76 2000
3.91494083404541 39.76 2000
3.9179630279541016 39.76 2000
3.921703815460205 39.75 2000
3.925734043121338 39.75 2000
3.929922580718994 39.75 2000
3.9329566955566406 39.75 2000
3.935906410217285 39.75 2000
3.9398984909057617 39.75 2000
3.9438846111297607 39.75 2000
3.9460721015930176 39.75 2000
3.948972225189209 39.75 2000
3.9518792629241943 39.75 2000
3.9559316635131836 39.75 2000
3.959897756576538 39.74 2000
3.9629013538360596 39.74 2000
3.9668431282043457 39.74 2000
3.9718217849731445 39.74 2000
3.975593328475952 39.74 2000
3.979912281036377 39.74 2000
3.9838333129882812 39.74 2000
3.9872918128967285 39.74 2000
3.9908125400543213 39.74 2000
3.9938058853149414 39.74 2000
3.9967947006225586 39.74 2000
3.9997305870056152 39.73 2000
4.002722978591919 39.73 2000
4.005678653717041 39.73 2000
4.0087668895721436 39.73 2000
4.0117027759552 39.73 2000
4.014659404754639 39.73 2000
4.018686771392822 39.73 2000
4.021646022796631 39.73 2000
4.0256664752960205 39.73 2000
4.029808759689331 39.73 2000
4.034752607345581 39.73 2000
4.037835359573364 39.73 2000
4.040799617767334 39.73 2000
4.043771266937256 39.73 2000
4.046757936477661 39.73 2000
4.04975438117981 39.73 2000
4.052704811096191 39.73 2000
4.055693864822388 39.73 2000
4.058733224868774 39.72 2000
4.061720132827759 39.72 2000
4.065705060958862 39.72 2000
4.0700953006744385 39.72 2000
4.073095083236694 39.72 2000
4.077041387557983 39.72 2000
4.0817906856536865 39.72 2000
4.0857932567596436 39.72 2000
4.0897252559661865 39.72 2000
4.093713045120239 39.72 2000
4.0977301597595215 39.71 2000
4.1017303466796875 39.71 2000
4.105680465698242 39.71 2000
4.109673023223877 39.71 2000
4.1126625537872314 39.71 2000
4.115653991699219 39.71 2000
4.118729829788208 39.71 2000
4.121570825576782 39.71 2000
4.124397277832031 39.71 2000
4.128476142883301 39.71 2000
4.131435871124268 39.71 2000
4.134373426437378 39.71 2000
4.137739658355713 39.71 2000
4.14036226272583 39.71 2000
4.145389795303345 39.71 2000
4.14933443069458 39.71 2000
4.1533191204071045 39.71 2000
4.156319618225098 39.7 2000
4.160455703735352 39.7 2000
4.1655473709106445 39.7 2000
4.170119285583496 39.7 2000
4.175039529800415 39.7 2000
4.179996013641357 39.7 2000
4.183051586151123 39.7 2000
4.186027765274048 39.7 2000
4.1899659633636475 39.7 2000
4.193953275680542 39.7 2000
4.197198867797852 39.69 2000
4.200087308883667 39.69 2000
4.205685377120972 39.69 2000
4.208082675933838 39.69 2000
4.2110207080841064 39.69 2000
4.2160584926605225 39.69 2000
4.22007155418396 39.68 2000
4.223072052001953 39.68 2000
4.226213455200195 39.68 2000
4.230126857757568 39.68 2000
4.234031915664673 39.68 2000
4.2380287647247314 39.68 2000
4.241174936294556 39.68 2000
4.244856595993042 39.68 2000
4.247199773788452 39.68 2000
4.252143144607544 39.68 2000
4.255136013031006 39.67 2000
4.2581305503845215 39.67 2000
4.261747360229492 39.67 2000
4.265723466873169 39.67 2000
4.268731355667114 39.67 2000
4.271662712097168 39.67 2000
4.275310754776001 39.67 2000
4.279222726821899 39.67 2000
4.2832067012786865 39.67 2000
4.286252737045288 39.67 2000
4.289191246032715 39.67 2000
4.293238878250122 39.67 2000
4.299953460693359 39.67 2000
4.302932024002075 39.67 2000
4.306903123855591 39.67 2000
4.309895753860474 39.67 2000
4.3148438930511475 39.66 2000
4.317836284637451 39.66 2000
4.319875717163086 39.66 2000
4.322871923446655 39.66 2000
4.325815916061401 39.66 2000
4.33114767074585 39.66 2000
4.334336280822754 39.66 2000
4.337146282196045 39.66 2000
4.3407676219940186 39.66 2000
4.345105409622192 39.66 2000
4.350057601928711 39.66 2000
4.353051424026489 39.66 2000
4.357081174850464 39.65 2000
4.36093544960022 39.65 2000
4.363906145095825 39.65 2000
4.3678529262542725 39.65 2000
4.370167255401611 39.65 2000
4.376607656478882 39.65 2000
4.381326198577881 39.65 2000
4.385335683822632 39.65 2000
4.391974687576294 39.65 2000
4.394953966140747 39.64 2000
4.398165702819824 39.64 2000
4.401180267333984 39.64 2000
4.406135320663452 39.64 2000
4.4099133014678955 39.64 2000
4.413222551345825 39.64 2000
4.416887998580933 39.64 2000
4.4200286865234375 39.64 2000
4.423964262008667 39.64 2000
4.4279396533966064 39.64 2000
4.430932998657227 39.64 2000
4.433021783828735 39.64 2000
4.437913179397583 39.64 2000
4.4400794506073 39.64 2000
4.444252014160156 39.64 2000
4.4490602016448975 39.64 2000
4.453181505203247 39.63 2000
4.456043720245361 39.63 2000
4.458993196487427 39.63 2000
4.462984085083008 39.63 2000
4.469000339508057 39.63 2000
4.4734930992126465 39.63 2000
4.477515459060669 39.63 2000
4.481471061706543 39.63 2000
4.484463214874268 39.63 2000
4.487463474273682 39.63 2000
4.4906816482543945 39.63 2000
4.494707107543945 39.62 2000
4.499699831008911 39.62 2000
4.5026469230651855 39.62 2000
4.5056397914886475 39.62 2000
4.508633375167847 39.62 2000
4.5126237869262695 39.62 2000
4.516611814498901 39.62 2000
4.5208823680877686 39.62 2000
4.524588346481323 39.62 2000
4.528621435165405 39.62 2000
4.532012224197388 39.62 2000
4.53500771522522 39.62 2000
4.53899073600769 39.62 2000
4.5429816246032715 39.62 2000
4.546134948730469 39.62 2000
4.549739837646484 39.62 2000
4.552689552307129 39.61 2000
4.555677890777588 39.61 2000
4.559753894805908 39.61 2000
4.562680006027222 39.61 2000
4.565674781799316 39.61 2000
4.569871425628662 39.61 2000
4.573814868927002 39.61 2000
4.577844619750977 39.61 2000
4.5800535678863525 39.61 2000
4.584253787994385 39.61 2000
4.5891029834747314 39.61 2000
4.592133283615112 39.6 2000
4.596285820007324 39.6 2000
4.600744962692261 39.6 2000
4.603744983673096 39.6 2000
4.607725620269775 39.6 2000
4.610790491104126 39.6 2000
4.612793684005737 39.6 2000
4.6168248653411865 39.6 2000
4.6198906898498535 39.6 2000
4.623889684677124 39.6 2000
4.626929521560669 39.6 2000
4.630869150161743 39.59 2000
4.634095668792725 39.59 2000
4.638850450515747 39.59 2000
4.641962766647339 39.59 2000
4.645034551620483 39.59 2000
4.647868633270264 39.59 2000
4.650825500488281 39.59 2000
4.655802011489868 39.59 2000
4.6597936153411865 39.59 2000
4.662890434265137 39.59 2000
4.666776895523071 39.59 2000
4.670167684555054 39.58 2000
4.67431116104126 39.58 2000
4.678223133087158 39.58 2000
4.681212663650513 39.58 2000
4.685877561569214 39.58 2000
4.688501358032227 39.58 2000
4.690996170043945 39.58 2000
4.695986986160278 39.58 2000
4.700643062591553 39.58 2000
4.705732107162476 39.58 2000
4.7086732387542725 39.58 2000
4.712741374969482 39.57 2000
4.716730833053589 39.57 2000
4.72122859954834 39.57 2000
4.724132061004639 39.57 2000
4.726975679397583 39.57 2000
4.7301294803619385 39.57 2000
4.7344279289245605 39.57 2000
4.739081621170044 39.57 2000
4.742727518081665 39.57 2000
4.746657848358154 39.57 2000
4.750648736953735 39.56 2000
4.754635572433472 39.56 2000
4.757627964019775 39.56 2000
4.761096000671387 39.56 2000
4.7644734382629395 39.56 2000
4.768462419509888 39.56 2000
4.771744966506958 39.56 2000
4.777586936950684 39.56 2000
4.781463623046875 39.56 2000
4.785514831542969 39.56 2000
4.788389444351196 39.56 2000
4.794475793838501 39.56 2000
4.797834634780884 39.56 2000
4.800743579864502 39.56 2000
4.80377721786499 39.56 2000
4.807765483856201 39.56 2000
4.810757637023926 39.55 2000
4.813743352890015 39.55 2000
4.817695140838623 39.55 2000
4.823685646057129 39.55 2000
4.826775312423706 39.55 2000
4.830660104751587 39.55 2000
4.83465051651001 39.55 2000
4.839642763137817 39.55 2000
4.843626022338867 39.55 2000
4.846618413925171 39.55 2000
4.84961199760437 39.54 2000
4.85459566116333 39.54 2000
4.858654260635376 39.54 2000
4.861578464508057 39.54 2000
4.866564035415649 39.54 2000
4.870691537857056 39.54 2000
4.873727560043335 39.54 2000
4.876554489135742 39.54 2000
4.879652500152588 39.54 2000
4.8821680545806885 39.54 2000
4.885501861572266 39.54 2000
4.88815712928772 39.53 2000
4.89114236831665 39.53 2000
4.8946990966796875 39.53 2000
4.897657632827759 39.53 2000
4.901139736175537 39.53 2000
4.904124975204468 39.53 2000
4.907195329666138 39.53 2000
4.9101526737213135 39.53 2000
4.916094064712524 39.53 2000
4.919243335723877 39.53 2000
4.922807455062866 39.53 2000
4.924854755401611 39.53 2000
4.927804470062256 39.52 2000
4.933131217956543 39.52 2000
4.936070919036865 39.52 2000
4.939063787460327 39.52 2000
4.942136287689209 39.52 2000
4.947202444076538 39.52 2000
4.95016884803772 39.52 2000
4.953160285949707 39.52 2000
4.956099271774292 39.52 2000
4.9590935707092285 39.52 2000
4.963080167770386 39.52 2000
4.968064785003662 39.51 2000
4.971922159194946 39.51 2000
4.974874258041382 39.51 2000
4.979926824569702 39.51 2000
4.98291015625 39.51 2000
4.986874103546143 39.51 2000
4.989813566207886 39.51 2000
4.994882106781006 39.51 2000
4.997848033905029 39.51 2000
5.00082802772522 39.51 2000
5.0037806034088135 39.51 2000