time temp control
0.04881691932678223 24.54 30000
0.052809715270996094 24.54 30000
0.05579805374145508 24.54 30000
0.06382155418395996 24.54 30000
0.06676888465881348 24.54 30000
0.07076358795166016 24.54 30000
0.0747833251953125 24.54 30000
0.07796096801757812 24.54 30000
0.08176946640014648 24.54 30000
0.08472800254821777 24.54 30000
0.08785820007324219 24.54 30000
0.0927424430847168 24.54 30000
0.0957345962524414 24.54 30000
0.09968042373657227 24.54 30000
0.10269665718078613 24.54 30000
0.10775232315063477 24.54 30000
0.11103963851928711 24.54 30000
0.11476254463195801 24.54 30000
0.11876392364501953 24.54 30000
0.12278580665588379 24.54 30000
0.12577390670776367 24.54 30000
0.12880349159240723 24.54 30000
0.13171792030334473 24.54 30000
0.13471627235412598 24.54 30000
0.13887381553649902 24.54 30000
0.14173054695129395 24.54 30000
0.14468169212341309 24.54 30000
0.1476764678955078 24.54 30000
0.15166425704956055 24.54 30000
0.15465521812438965 24.54 30000
0.1586911678314209 24.54 30000
0.1616361141204834 24.54 30000
0.16562914848327637 24.54 30000
0.17066121101379395 24.54 30000
0.1736459732055664 24.54 30000
0.17660140991210938 24.54 30000
0.1795668601989746 24.54 30000
0.18290281295776367 24.54 30000
0.1855771541595459 24.54 30000
0.18892931938171387 24.54 30000
0.19160008430480957 24.54 30000
0.19554591178894043 24.54 30000
0.19957780838012695 24.54 30000
0.20256996154785156 24.54 30000
0.20555996894836426 24.54 30000
0.20856642723083496 24.54 30000
0.21150660514831543 24.54 30000
0.21549558639526367 24.54 30000
0.21948504447937012 24.54 30000
0.22351503372192383 24.54 30000
0.2274637222290039 24.54 30000
0.2314913272857666 24.54 30000
0.23444485664367676 24.54 30000
0.23743867874145508 24.54 30000
0.24042844772338867 24.54 30000
0.24341869354248047 24.54 30000
0.24746441841125488 24.54 30000
0.2514369487762451 24.54 30000
0.2543911933898926 24.54 30000
0.2574324607849121 24.54 30000
0.2603733539581299 24.54 30000
0.2643747329711914 24.54 30000
0.26839184761047363 24.54 30000
0.27138805389404297 24.54 30000
0.2743360996246338 24.54 30000
0.27832698822021484 24.54 30000
0.281383752822876 24.54 30000
0.28534746170043945 24.54 30000
0.2883450984954834 24.54 30000
0.2912914752960205 24.54 30000
0.296276330947876 24.54 30000
0.2993435859680176 24.54 30000
0.3022613525390625 24.54 30000
0.3052525520324707 24.54 30000
0.3082444667816162 24.54 30000
0.3132312297821045 24.54 30000
0.31640028953552246 24.54 30000
0.3192157745361328 24.54 30000
0.32221293449401855 24.54 30000
0.3262004852294922 24.54 30000
0.3291914463043213 24.54 30000
0.33219122886657715 24.54 30000
0.3352468013763428 24.54 30000
0.33820533752441406 24.54 30000
0.34220337867736816 24.54 30000
0.34514784812927246 24.54 30000
0.3481407165527344 24.54 30000
0.3511772155761719 24.54 30000
0.35416245460510254 24.54 30000
0.3581104278564453 24.54 30000
0.36110568046569824 24.54 30000
0.36410069465637207 24.54 30000
0.3672304153442383 24.54 30000
0.3721153736114502 24.54 30000
0.3750739097595215 24.54 30000
0.378232479095459 24.54 30000
0.38105177879333496 24.54 30000
0.38404297828674316 24.54 30000
0.38937950134277344 24.54 30000
0.39202237129211426 24.54 30000
0.3950536251068115 24.54 30000
0.39804673194885254 24.54 30000
0.4009971618652344 24.54 30000
0.40598440170288086 24.54 30000
0.4090580940246582 24.54 30000
0.4121990203857422 24.54 30000
0.41500258445739746 24.54 30000
0.4189488887786865 24.54 30000
0.4219691753387451 24.54 30000
0.42493295669555664 24.54 30000
0.428253173828125 24.54 30000
0.43091702461242676 24.54 30000
0.4339570999145508 24.54 30000
0.43808484077453613 24.54 30000
0.4410228729248047 24.54 30000
0.44417643547058105 24.54 30000
0.4489150047302246 24.54 30000
0.45219945907592773 24.54 30000
0.4548912048339844 24.54 30000
0.45801568031311035 24.54 30000
0.46083831787109375 24.54 30000
0.464038610458374 24.54 30000
0.4670546054840088 24.54 30000
0.46985340118408203 24.54 30000
0.4730207920074463 24.54 30000
0.47583508491516113 24.54 30000
0.481048583984375 24.54 30000
0.48377370834350586 24.54 30000
0.4867677688598633 24.54 30000
0.48976564407348633 24.54 30000
0.49478983879089355 24.54 30000
0.4992220401763916 24.54 30000
0.5017273426055908 24.54 30000
0.5047891139984131 24.54 30000
0.5078237056732178 24.54 30000
0.5117416381835938 24.54 30000
0.5147337913513184 24.54 30000
0.5176844596862793 24.54 30000
0.5208654403686523 24.54 30000
0.5236716270446777 24.54 30000
0.5316486358642578 24.54 30000
0.5337498188018799 24.54 30000
0.5370168685913086 24.54 30000
0.5397815704345703 24.54 30000
0.5447144508361816 24.54 30000
0.5479803085327148 24.54 30000
0.550973653793335 24.54 30000
0.5545861721038818 24.54 30000
0.5598526000976562 24.54 30000
0.5629825592041016 24.54 30000
0.565873384475708 24.54 30000
0.5695452690124512 24.54 30000
0.5725440979003906 24.54 30000
0.5792138576507568 24.54 30000
0.5825140476226807 24.54 30000
0.5865035057067871 24.54 30000
0.5914928913116455 24.54 30000
0.5945231914520264 24.54 30000
0.5984690189361572 24.54 30000
0.6014609336853027 24.54 30000
0.6044940948486328 24.54 30000
0.6084439754486084 24.54 30000
0.6114358901977539 24.54 30000
0.6144261360168457 24.54 30000
0.617516040802002 24.54 30000
0.6214077472686768 24.54 30000
0.6264374256134033 24.54 30000
0.6294264793395996 24.54 30000
0.6323778629302979 24.54 30000
0.6353700160980225 24.54 30000
0.6403951644897461 24.54 30000
0.6433985233306885 24.54 30000
0.6463823318481445 24.54 30000
0.6493744850158691 24.54 30000
0.6523251533508301 24.54 30000
0.6563138961791992 24.54 30000
0.6593480110168457 24.54 30000
0.6623497009277344 24.54 30000
0.6653690338134766 24.54 30000
0.6683154106140137 24.54 30000
0.6723678112030029 24.54 30000
0.675403356552124 24.54 30000
0.6783010959625244 24.54 30000
0.6812877655029297 24.54 30000
0.6842470169067383 24.54 30000
0.6872725486755371 24.54 30000
0.6902642250061035 24.54 30000
0.6933145523071289 24.55 30000
0.6962125301361084 24.55 30000
0.6992530822753906 24.55 30000
0.7031934261322021 24.55 30000
0.7061867713928223 24.55 30000
0.7091734409332275 24.55 30000
0.7141592502593994 24.55 30000
0.7171506881713867 24.55 30000
0.7221786975860596 24.55 30000
0.7251298427581787 24.55 30000
0.7283351421356201 24.55 30000
0.7311141490936279 24.55 30000
0.7352685928344727 24.55 30000
0.7380962371826172 24.55 30000
0.7410893440246582 24.55 30000
0.7441158294677734 24.55 30000
0.7471117973327637 24.55 30000
0.7500629425048828 24.55 30000
0.7535045146942139 24.55 30000
0.7560484409332275 24.55 30000
0.7590882778167725 24.55 30000
0.7630307674407959 24.55 30000
0.7660636901855469 24.55 30000
0.7690343856811523 24.55 30000
0.7720448970794678 24.55 30000
0.7755095958709717 24.55 30000
0.7779879570007324 24.55 30000
0.7825818061828613 24.55 30000
0.7850704193115234 24.55 30000
0.7880020141601562 24.55 30000
0.7919511795043945 24.56 30000
0.7949428558349609 24.56 30000
0.8009297847747803 24.56 30000
0.8039183616638184 24.56 30000
0.8070299625396729 24.56 30000
0.8099575042724609 24.56 30000
0.8169252872467041 24.56 30000
0.8198771476745605 24.56 30000
0.825861930847168 24.56 30000
0.8289618492126465 24.56 30000
0.8318498134613037 24.56 30000
0.8348360061645508 24.56 30000
0.8379857540130615 24.56 30000
0.8408637046813965 24.56 30000
0.8438153266906738 24.56 30000
0.846808671951294 24.56 30000
0.8500914573669434 24.56 30000
0.8528401851654053 24.56 30000
0.8568201065063477 24.56 30000
0.860968828201294 24.56 30000
0.8647580146789551 24.56 30000
0.8677504062652588 24.56 30000
0.870781660079956 24.57 30000
0.8747329711914062 24.57 30000
0.8779268264770508 24.57 30000
0.8810861110687256 24.57 30000
0.8847036361694336 24.57 30000
0.8876972198486328 24.57 30000
0.8927278518676758 24.57 30000
0.8967177867889404 24.57 30000
0.9007034301757812 24.57 30000
0.9046502113342285 24.57 30000
0.9086794853210449 24.57 30000
0.9106853008270264 24.57 30000
0.9146683216094971 24.57 30000
0.9170434474945068 24.57 30000
0.9226531982421875 24.57 30000
0.9255945682525635 24.57 30000
0.928626537322998 24.57 30000
0.9308254718780518 24.58 30000
0.93361496925354 24.58 30000
0.9390010833740234 24.58 30000
0.9419448375701904 24.58 30000
0.9445712566375732 24.58 30000
0.9485347270965576 24.58 30000
0.9525625705718994 24.58 30000
0.9555132389068604 24.58 30000
0.9585099220275879 24.58 30000
0.9615573883056641 24.58 30000
0.9644899368286133 24.58 30000
0.9675638675689697 24.58 30000
0.9705145359039307 24.59 30000
0.9744663238525391 24.59 30000
0.9784553050994873 24.59 30000
0.9835798740386963 24.59 30000
0.9864647388458252 24.59 30000
0.9894330501556396 24.59 30000
0.9924585819244385 24.59 30000
0.995410680770874 24.59 30000
1.0003957748413086 24.59 30000
1.0033862590789795 24.59 30000
1.006434679031372 24.59 30000
1.0093834400177002 24.6 30000
1.0126936435699463 24.6 30000
1.0163509845733643 24.6 30000
1.0203402042388916 24.6 30000
1.0243327617645264 24.6 30000
1.0283596515655518 24.6 30000
1.0313105583190918 24.6 30000
1.0353002548217773 24.6 30000
1.040299415588379 24.6 30000
1.044276237487793 24.6 30000
1.0472702980041504 24.6 30000
1.0503404140472412 24.61 30000
1.0532522201538086 24.61 30000
1.0562989711761475 24.61 30000
1.059281349182129 24.61 30000
1.0622282028198242 24.61 30000
1.0652830600738525 24.61 30000
1.0682532787322998 24.62 30000
1.0712075233459473 24.62 30000
1.0751948356628418 24.62 30000
1.0783028602600098 24.62 30000
1.0812673568725586 24.62 30000
1.0841765403747559 24.62 30000
1.087160587310791 24.63 30000
1.0911531448364258 24.63 30000
1.094184160232544 24.63 30000
1.0971758365631104 24.63 30000
1.1001293659210205 24.63 30000
1.1031715869903564 24.63 30000
1.1081080436706543 24.63 30000
1.1110999584197998 24.63 30000
1.1151270866394043 24.63 30000
1.1180784702301025 24.63 30000
1.1213696002960205 24.63 30000
1.1241190433502197 24.63 30000
1.1270575523376465 24.64 30000
1.1301445960998535 24.64 30000
1.133072853088379 24.64 30000
1.1360716819763184 24.64 30000
1.1401512622833252 24.64 30000
1.1430139541625977 24.64 30000
1.1460061073303223 24.64 30000
1.1489958763122559 24.65 30000
1.1519885063171387 24.65 30000
1.1589949131011963 24.65 30000
1.1621906757354736 24.65 30000
1.1655519008636475 24.65 30000
1.1679465770721436 24.66 30000
1.1719355583190918 24.66 30000
1.1751704216003418 24.66 30000
1.178962230682373 24.66 30000
1.1829469203948975 24.66 30000
1.1863689422607422 24.67 30000
1.188891887664795 24.67 30000
1.1921544075012207 24.67 30000
1.1949183940887451 24.67 30000
1.1988720893859863 24.67 30000
1.2028923034667969 24.67 30000
1.2068946361541748 24.67 30000
1.2108733654022217 24.68 30000
1.2138633728027344 24.68 30000
1.2178709506988525 24.68 30000
1.2209608554840088 24.68 30000
1.2240121364593506 24.68 30000
1.2268290519714355 24.69 30000
1.2300498485565186 24.69 30000
1.232823371887207 24.69 30000
1.2364020347595215 24.69 30000
1.2390522956848145 24.69 30000
1.2421517372131348 24.69 30000
1.2447936534881592 24.69 30000
1.2488048076629639 24.7 30000
1.251896858215332 24.7 30000
1.255711555480957 24.7 30000
1.2587146759033203 24.7 30000
1.2616956233978271 24.7 30000
1.2668938636779785 24.71 30000
1.2702250480651855 24.71 30000
1.2729921340942383 24.71 30000
1.2761890888214111 24.71 30000
1.2816827297210693 24.71 30000
1.284674882888794 24.71 30000
1.2871055603027344 24.73 30000
1.2906577587127686 24.73 30000
1.293614387512207 24.73 30000
1.2959754467010498 24.73 30000
1.3005921840667725 24.73 30000
1.303584337234497 24.73 30000
1.3085696697235107 24.74 30000
1.311563491821289 24.74 30000
1.3139145374298096 24.74 30000
1.317544937133789 24.74 30000
1.320608139038086 24.74 30000
1.3235301971435547 24.75 30000
1.328519582748413 24.75 30000
1.3325529098510742 24.75 30000
1.336535930633545 24.75 30000
1.340529203414917 24.75 30000
1.344494104385376 24.76 30000
1.3474674224853516 24.76 30000
1.350459337234497 24.76 30000
1.3534493446350098 24.76 30000
1.3564414978027344 24.76 30000
1.3604307174682617 24.76 30000
1.3635146617889404 24.78 30000
1.3664186000823975 24.78 30000
1.3724393844604492 24.78 30000
1.3763916492462158 24.78 30000
1.3803770542144775 24.78 30000
1.3843674659729004 24.79 30000
1.3883914947509766 24.79 30000
1.3983418941497803 24.79 30000
1.4013235569000244 24.79 30000
1.4053504467010498 24.8 30000
1.4083054065704346 24.8 30000
1.4112951755523682 24.8 30000
1.4143197536468506 24.8 30000
1.4172828197479248 24.8 30000
1.420274257659912 24.8 30000
1.4262583255767822 24.82 30000
1.4292500019073486 24.82 30000
1.4322388172149658 24.82 30000
1.4352843761444092 24.82 30000
1.4392635822296143 24.82 30000
1.4422526359558105 24.83 30000
1.4452030658721924 24.83 30000
1.4482383728027344 24.83 30000
1.4521915912628174 24.83 30000
1.4562275409698486 24.83 30000
1.4591662883758545 24.83 30000
1.462200403213501 24.85 30000
1.465153694152832 24.85 30000
1.4685125350952148 24.85 30000
1.4794692993164062 24.85 30000
1.482419729232788 24.86 30000
1.4864110946655273 24.86 30000
1.4904391765594482 24.86 30000
1.4934368133544922 24.86 30000
1.4964210987091064 24.86 30000
1.4993762969970703 24.86 30000
1.503363847732544 24.88 30000
1.5063555240631104 24.88 30000
1.513378381729126 24.88 30000
1.5163700580596924 24.88 30000
1.5193212032318115 24.88 30000
1.5223655700683594 24.9 30000
1.5253078937530518 24.9 30000
1.5283019542694092 24.9 30000
1.5312893390655518 24.9 30000
1.538273572921753 24.9 30000
1.5412623882293701 24.91 30000
1.5452549457550049 24.91 30000
1.5482864379882812 24.91 30000
1.551330804824829 24.91 30000
1.554274320602417 24.91 30000
1.5572197437286377 24.91 30000
1.560342788696289 24.91 30000
1.563248634338379 24.93 30000
1.5682387351989746 24.93 30000
1.571183681488037 24.93 30000
1.574176549911499 24.93 30000
1.5771679878234863 24.93 30000
1.5811569690704346 24.95 30000
1.5841474533081055 24.95 30000
1.5871429443359375 24.95 30000
1.5911319255828857 24.95 30000
1.5961189270019531 24.95 30000
1.5991482734680176 24.95 30000
1.6020989418029785 24.97 30000
1.605090856552124 24.97 30000
1.6080834865570068 24.97 30000
1.6123008728027344 24.97 30000
1.6150670051574707 24.97 30000
1.618194580078125 24.97 30000
1.6210601329803467 24.99 30000
1.6241867542266846 24.99 30000
1.6282765865325928 24.99 30000
1.6315529346466064 24.99 30000
1.6340155601501465 24.99 30000
1.6412732601165771 25.01 30000
1.6450269222259521 25.01 30000
1.6490139961242676 25.01 30000
1.6531157493591309 25.01 30000
1.6559643745422363 25.01 30000
1.6589784622192383 25.03 30000
1.661975383758545 25.03 30000
1.6652538776397705 25.03 30000
1.6680657863616943 25.03 30000
1.6712563037872314 25.03 30000
1.6753175258636475 25.03 30000
1.6781244277954102 25.03 30000
1.680997610092163 25.04 30000
1.684189796447754 25.04 30000
1.6869511604309082 25.04 30000
1.691087245941162 25.04 30000
1.6939010620117188 25.04 30000
1.6988465785980225 25.04 30000
1.7028367519378662 25.06 30000
1.7058215141296387 25.06 30000
1.7080249786376953 25.06 30000
1.710813283920288 25.06 30000
1.7139270305633545 25.06 30000
1.7167956829071045 25.06 30000
1.7227776050567627 25.08 30000
1.7258095741271973 25.08 30000
1.729799509048462 25.08 30000
1.7337501049041748 25.08 30000
1.738736629486084 25.08 30000
1.7417261600494385 25.1 30000
1.7447590827941895 25.1 30000
1.7498550415039062 25.1 30000
1.7522239685058594 25.1 30000
1.7539103031158447 25.1 30000
1.7570915222167969 25.1 30000
1.7597637176513672 25.12 30000
1.7636682987213135 25.12 30000
1.7657005786895752 25.12 30000
1.7700586318969727 25.12 30000
1.7736775875091553 25.12 30000
1.7756810188293457 25.12 30000
1.7796299457550049 25.14 30000
1.7826573848724365 25.14 30000
1.7866075038909912 25.14 30000
1.7886345386505127 25.14 30000
1.7919921875 25.14 30000
1.7949714660644531 25.14 30000
1.7976210117340088 25.17 30000
1.8016064167022705 25.17 30000
1.8035600185394287 25.17 30000
1.8065884113311768 25.17 30000
1.809556007385254 25.17 30000
1.8125369548797607 25.17 30000
1.8155734539031982 25.17 30000
1.818556785583496 25.19 30000
1.8217871189117432 25.19 30000
1.8249688148498535 25.19 30000
1.8284962177276611 25.19 30000
1.8318884372711182 25.19 30000
1.8354763984680176 25.19 30000
1.837892770767212 25.21 30000
1.840836763381958 25.21 30000
1.8444561958312988 25.21 30000
1.8464467525482178 25.21 30000
1.8499574661254883 25.21 30000
1.8524763584136963 25.21 30000
1.8554623126983643 25.23 30000
1.8577628135681152 25.23 30000
1.859450340270996 25.23 30000
1.8614587783813477 25.23 30000
1.863769769668579 25.23 30000
1.865429401397705 25.23 30000
1.8674554824829102 25.23 30000
1.8695712089538574 25.23 30000
1.8716156482696533 25.23 30000
1.8736791610717773 25.23 30000
1.8754329681396484 25.23 30000
1.8785004615783691 25.25 30000
1.880354881286621 25.25 30000
1.8825857639312744 25.25 30000
1.8843448162078857 25.25 30000
1.8868439197540283 25.25 30000
1.8886942863464355 25.25 30000
1.8906421661376953 25.25 30000
1.8937404155731201 25.25 30000
1.8957550525665283 25.28 30000
1.897702693939209 25.28 30000
1.899303674697876 25.28 30000
1.901566505432129 25.28 30000
1.903641700744629 25.28 30000
1.9055259227752686 25.28 30000
1.907315969467163 25.28 30000
1.9094371795654297 25.28 30000
1.9115090370178223 25.28 30000
1.9132661819458008 25.28 30000
1.915414810180664 25.3 30000
1.9176843166351318 25.3 30000
1.9194612503051758 25.3 30000
1.9212453365325928 25.3 30000
1.923274040222168 25.3 30000
1.9255988597869873 25.3 30000
1.9282257556915283 25.3 30000
1.929753065109253 25.3 30000
1.931577444076538 25.3 30000
1.9334313869476318 25.3 30000
1.9355683326721191 25.32 30000
1.9375038146972656 25.32 30000
1.939197301864624 25.32 30000
1.941472053527832 25.32 30000
1.943467617034912 25.32 30000
1.945500373840332 25.32 30000
1.9471964836120605 25.32 30000
1.9495618343353271 25.32 30000
1.9515624046325684 25.32 30000
1.9532172679901123 25.32 30000
1.955153226852417 25.35 30000
1.9576287269592285 25.35 30000
1.9594683647155762 25.35 30000
1.9615726470947266 25.35 30000
1.9635677337646484 25.35 30000
1.9655570983886719 25.35 30000
1.967350721359253 25.35 30000
1.9691522121429443 25.35 30000
1.9711360931396484 25.35 30000
1.973567247390747 25.35 30000
1.9755330085754395 25.38 30000
1.977459192276001 25.38 30000
1.9794340133666992 25.38 30000
1.9814634323120117 25.38 30000
1.983468770980835 25.38 30000
1.9851100444793701 25.38 30000
1.9870941638946533 25.38 30000
1.9895381927490234 25.38 30000
1.9910624027252197 25.38 30000
1.9931108951568604 25.4 30000
1.9956939220428467 25.4 30000
1.9975931644439697 25.4 30000
1.9995605945587158 25.4 30000
2.0010643005371094 25.4 30000
2.003631353378296 25.4 30000
2.005021095275879 25.4 30000
2.007641077041626 25.4 30000
2.010006904602051 25.4 30000
2.0110056400299072 25.4 30000
2.0136687755584717 25.43 30000
2.0160374641418457 25.43 30000
2.0170319080352783 25.43 30000
2.0189828872680664 25.43 30000
2.021012306213379 25.43 30000
2.023005485534668 25.43 30000
2.0256495475769043 25.43 30000
2.0279593467712402 25.43 30000
2.029953956604004 25.43 30000
2.0319488048553467 25.43 30000
2.0336179733276367 25.46 30000
2.035938024520874 25.46 30000
2.0403623580932617 25.46 30000
2.0413320064544678 25.46 30000
2.043755054473877 25.46 30000
2.0456459522247314 25.46 30000
2.047544479370117 25.46 30000
2.049351930618286 25.46 30000
2.052351236343384 25.46 30000
2.054725170135498 25.49 30000
2.056293249130249 25.49 30000
2.0583584308624268 25.49 30000
2.0606720447540283 25.49 30000
2.0627024173736572 25.49 30000
2.0643088817596436 25.49 30000
2.066297769546509 25.49 30000
2.0685243606567383 25.49 30000
2.07027530670166 25.49 30000
2.0725655555725098 25.49 30000
2.074277639389038 25.51 30000
2.0764620304107666 25.51 30000
2.0785610675811768 25.51 30000
2.080264091491699 25.51 30000
2.082258462905884 25.51 30000
2.0845563411712646 25.51 30000
2.086521625518799 25.51 30000
2.0884175300598145 25.51 30000
2.0905559062957764 25.51 30000
2.092510223388672 25.51 30000
2.0945420265197754 25.54 30000
2.0962345600128174 25.54 30000
2.0981783866882324 25.54 30000
2.100250482559204 25.54 30000
2.102572202682495 25.54 30000
2.1045656204223633 25.54 30000
2.107196807861328 25.54 30000
2.108151912689209 25.54 30000
2.1106114387512207 25.54 30000
2.1121785640716553 25.57 30000
2.114169120788574 25.57 30000
2.1166772842407227 25.57 30000
2.1185524463653564 25.57 30000
2.120556116104126 25.57 30000
2.1225435733795166 25.57 30000
2.1244606971740723 25.57 30000
2.1264655590057373 25.57 30000
2.128101348876953 25.57 30000
2.1340842247009277 25.57 30000
2.1350820064544678 25.6 30000
2.1371102333068848 25.6 30000
2.139209032058716 25.6 30000
2.1411032676696777 25.6 30000
2.1440553665161133 25.6 30000
2.1450538635253906 25.6 30000
2.1470820903778076 25.6 30000
2.1492316722869873 25.6 30000
2.151076316833496 25.6 30000
2.153616428375244 25.64 30000
2.155060291290283 25.64 30000
2.1570544242858887 25.64 30000
2.1590771675109863 25.64 30000
2.1616151332855225 25.64 30000
2.1635560989379883 25.64 30000
2.1655681133270264 25.64 30000
2.167560338973999 25.64 30000
2.16955828666687 25.64 30000
2.171570062637329 25.64 30000
2.173555374145508 25.67 30000
2.1749885082244873 25.67 30000
2.1780014038085938 25.67 30000
2.1809840202331543 25.67 30000
2.182952404022217 25.67 30000
2.184985399246216 25.67 30000
2.1869828701019287 25.67 30000
2.188652276992798 25.67 30000
2.1909804344177246 25.67 30000
2.1939237117767334 25.7 30000
2.195956230163574 25.7 30000
2.1979362964630127 25.7 30000
2.199944019317627 25.7 30000
2.2019386291503906 25.7 30000
2.2038965225219727 25.7 30000
2.2058913707733154 25.7 30000
2.2078847885131836 25.7 30000
2.2099156379699707 25.7 30000
2.2118754386901855 25.74 30000
2.21386981010437 25.74 30000
2.2158985137939453 25.74 30000
2.217859983444214 25.74 30000
2.2198524475097656 25.74 30000
2.2218942642211914 25.74 30000
2.2238433361053467 25.74 30000
2.225862503051758 25.74 30000
2.227856397628784 25.74 30000
2.2298595905303955 25.74 30000
2.2318217754364014 25.77 30000
2.2338168621063232 25.77 30000
2.2358343601226807 25.77 30000
2.2378056049346924 25.77 30000
2.2398366928100586 25.77 30000
2.241820812225342 25.77 30000
2.243788957595825 25.77 30000
2.2457833290100098 25.77 30000
2.2477777004241943 25.77 30000
2.249772548675537 25.77 30000
2.251779556274414 25.81 30000
2.253763198852539 25.81 30000
2.2557568550109863 25.81 30000
2.2577528953552246 25.81 30000
2.259751081466675 25.81 30000
2.2617454528808594 25.81 30000
2.2638940811157227 25.81 30000
2.265740394592285 25.81 30000
2.267861843109131 25.81 30000
2.2697205543518066 25.81 30000
2.271714210510254 25.84 30000
2.2737133502960205 25.84 30000
2.2757060527801514 25.84 30000
2.2777326107025146 25.84 30000
2.279693365097046 25.84 30000
2.2818472385406494 25.84 30000
2.283714771270752 25.84 30000
2.2857422828674316 25.84 30000
2.2876713275909424 25.84 30000
2.2896666526794434 25.84 30000
2.2916922569274902 25.88 30000
2.293691396713257 25.88 30000
2.295850992202759 25.88 30000
2.2978477478027344 25.88 30000
2.299640417098999 25.88 30000
2.301699638366699 25.88 30000
2.3046813011169434 25.88 30000
2.3067429065704346 25.88 30000
2.30887508392334 25.88 30000
2.3109748363494873 25.92 30000
2.3126060962677 25.92 30000
2.315046787261963 25.92 30000
2.3169338703155518 25.92 30000
2.319765567779541 25.92 30000
2.321620225906372 25.92 30000
2.3237080574035645 25.92 30000
2.3255703449249268 25.92 30000
2.327812433242798 25.92 30000
2.329596519470215 25.96 30000
2.3318541049957275 25.96 30000
2.3336081504821777 25.96 30000
2.3357656002044678 25.96 30000
2.337765693664551 25.96 30000
2.339772939682007 25.96 30000
2.341559410095215 25.96 30000
2.343869209289551 25.96 30000
2.345592737197876 25.96 30000
2.347804546356201 25.96 30000
2.350504159927368 26.01 30000
2.352773904800415 26.01 30000
2.354497194290161 26.01 30000
2.3565564155578613 26.01 30000
2.3587324619293213 26.01 30000
2.360481023788452 26.01 30000
2.3626368045806885 26.01 30000
2.364469051361084 26.01 30000
2.3687050342559814 26.01 30000
2.370487928390503 26.05 30000
2.372807741165161 26.05 30000
2.374654769897461 26.05 30000
2.3764636516571045 26.05 30000
2.378711700439453 26.05 30000
2.3817644119262695 26.05 30000
2.3835835456848145 26.05 30000
2.385467290878296 26.05 30000
2.38740611076355 26.05 30000
2.3897411823272705 26.09 30000
2.391451358795166 26.09 30000
2.393446683883667 26.09 30000
2.3955860137939453 26.09 30000
2.397413492202759 26.09 30000
2.3996927738189697 26.09 30000
2.401792526245117 26.09 30000
2.4038422107696533 26.09 30000
2.4054341316223145 26.09 30000
2.407665967941284 26.09 30000
2.4096357822418213 26.14 30000
2.4113757610321045 26.14 30000
2.413658618927002 26.14 30000
2.4156737327575684 26.14 30000
2.4173812866210938 26.14 30000
2.41977596282959 26.14 30000
2.421726942062378 26.14 30000
2.423647403717041 26.14 30000
2.425342082977295 26.14 30000
2.4286162853240967 26.19 30000
2.4306094646453857 26.19 30000
2.4327681064605713 26.19 30000
2.4345786571502686 26.19 30000
2.4367575645446777 26.19 30000
2.43858003616333 26.19 30000
2.440305709838867 26.19 30000
2.4424328804016113 26.19 30000
2.444295883178711 26.19 30000
2.446481466293335 26.19 30000
2.4486398696899414 26.23 30000
2.450651168823242 26.23 30000
2.4525787830352783 26.23 30000
2.454267978668213 26.23 30000
2.45656156539917 26.23 30000
2.459888219833374 26.23 30000
2.461491584777832 26.23 30000
2.463742733001709 26.23 30000
2.465498924255371 26.23 30000
2.4671928882598877 26.23 30000
2.469212293624878 26.28 30000
2.472203016281128 26.28 30000
2.473219394683838 26.28 30000
2.4762122631073 26.28 30000
2.477200508117676 26.28 30000
2.4795730113983154 26.28 30000
2.4815661907196045 26.28 30000
2.4835636615753174 26.28 30000
2.4855737686157227 26.28 30000
2.4871976375579834 26.28 30000
2.4901323318481445 26.34 30000
2.4923923015594482 26.34 30000
2.494697332382202 26.34 30000
2.4961531162261963 26.34 30000
2.4984703063964844 26.34 30000
2.5004684925079346 26.34 30000
2.5025670528411865 26.34 30000
2.504124164581299 26.34 30000
2.5061240196228027 26.34 30000
2.5081167221069336 26.39 30000
2.5111091136932373 26.39 30000
2.512072801589966 26.39 30000
2.514420986175537 26.39 30000
2.516521692276001 26.39 30000
2.5180904865264893 26.39 30000
2.5207347869873047 26.39 30000
2.5220816135406494 26.39 30000
2.5240745544433594 26.39 30000
2.5266454219818115 26.39 30000
2.5287926197052 26.45 30000
2.531061887741089 26.45 30000
2.534048557281494 26.45 30000
2.537041187286377 26.45 30000
2.5390517711639404 26.45 30000
2.5410444736480713 26.45 30000
2.5429885387420654 26.45 30000
2.54502534866333 26.45 30000
2.5467166900634766 26.45 30000
2.5490047931671143 26.51 30000
2.5499839782714844 26.51 30000
2.5539603233337402 26.51 30000
2.55507493019104 26.51 30000
2.5579886436462402 26.51 30000
2.5599782466888428 26.51 30000
2.561978816986084 26.51 30000
2.563933849334717 26.51 30000
2.5659282207489014 26.51 30000
2.568920373916626 26.57 30000
2.570913791656494 26.57 30000
2.5729095935821533 26.57 30000
2.5749032497406006 26.57 30000
2.5768983364105225 26.57 30000
2.57891845703125 26.57 30000
2.580920457839966 26.57 30000
2.5829169750213623 26.57 30000
2.584878444671631 26.57 30000
2.5868725776672363 26.63 30000
2.588867425918579 26.63 30000
2.590860605239868 26.63 30000
2.5928561687469482 26.63 30000
2.594895839691162 26.63 30000
2.596846103668213 26.63 30000
2.5998733043670654 26.63 30000
2.601832151412964 26.63 30000
2.603923797607422 26.63 30000
2.605821132659912 26.69 30000
2.607837200164795 26.69 30000
2.609835386276245 26.69 30000
2.611804246902466 26.69 30000
2.613800287246704 26.69 30000
2.6157960891723633 26.69 30000
2.6178243160247803 26.69 30000
2.6197845935821533 26.69 30000
2.621779203414917 26.69 30000
2.62381649017334 26.69 30000
2.625840187072754 26.76 30000
2.6277973651885986 26.76 30000
2.6297576427459717 26.76 30000
2.631751298904419 26.76 30000
2.633746862411499 26.76 30000
2.635861873626709 26.76 30000
2.6377785205841064 26.76 30000
2.6397647857666016 26.76 30000
2.641725778579712 26.76 30000
2.643720865249634 26.76 30000
2.6457157135009766 26.83 30000
2.647728443145752 26.83 30000
2.6498098373413086 26.83 30000
2.651700019836426 26.83 30000
2.6537208557128906 26.83 30000
2.6556899547576904 26.83 30000
2.6577210426330566 26.83 30000
2.659714937210083 26.83 30000
2.6616854667663574 26.83 30000
2.6639349460601807 26.83 30000
2.665764570236206 26.9 30000
2.667876720428467 26.9 30000
2.6696512699127197 26.9 30000
2.6718075275421143 26.9 30000
2.673663854598999 26.9 30000
2.675661325454712 26.9 30000
2.677628993988037 26.9 30000
2.679624319076538 26.9 30000
2.681619167327881 26.9 30000
2.6836345195770264 26.9 30000
2.6857471466064453 26.97 30000
2.6876020431518555 26.97 30000
2.68967342376709 26.97 30000
2.6915926933288574 26.97 30000
2.6935858726501465 26.97 30000
2.6958401203155518 26.97 30000
2.6978182792663574 26.97 30000
2.6996212005615234 26.97 30000
2.701803684234619 26.97 30000
2.7035939693450928 27.04 30000
2.705591917037964 27.04 30000
2.707550525665283 27.04 30000
2.7095446586608887 27.04 30000
2.7117559909820557 27.04 30000
2.713644027709961 27.04 30000
2.715528726577759 27.04 30000
2.717789649963379 27.04 30000
2.719560146331787 27.04 30000
2.721513271331787 27.04 30000
2.723637104034424 27.12 30000
2.7255005836486816 27.12 30000
2.727534055709839 27.12 30000
2.7296395301818848 27.12 30000
2.7315502166748047 27.12 30000
2.7337656021118164 27.12 30000
2.7356436252593994 27.12 30000
2.7377665042877197 27.12 30000
2.73970103263855 27.12 30000
2.742830276489258 27.12 30000
2.74465012550354 27.2 30000
2.7467799186706543 27.2 30000
2.7488465309143066 27.2 30000
2.750696897506714 27.2 30000
2.7527201175689697 27.2 30000
2.754725456237793 27.2 30000
2.756448745727539 27.2 30000
2.7584123611450195 27.2 30000
2.7605831623077393 27.2 30000
2.7626969814300537 27.2 30000
2.7646501064300537 27.28 30000
2.7666494846343994 27.28 30000
2.7694249153137207 27.28 30000
2.7724084854125977 27.28 30000
2.774845838546753 27.28 30000
2.7766308784484863 27.28 30000
2.7785613536834717 27.28 30000
2.7805376052856445 27.28 30000
2.7825324535369873 27.36 30000
2.7847304344177246 27.36 30000
2.7867727279663086 27.36 30000
2.7897579669952393 27.36 30000
2.79171085357666 27.36 30000
2.7937450408935547 27.36 30000
2.7954819202423096 27.36 30000
2.7974770069122314 27.36 30000
2.799726724624634 27.36 30000
2.8014700412750244 27.36 30000
2.8034262657165527 27.45 30000
2.8058021068573 27.45 30000
2.807718276977539 27.45 30000
2.8096742630004883 27.45 30000
2.8114469051361084 27.45 30000
2.813673496246338 27.45 30000
2.815453052520752 27.45 30000
2.8174474239349365 27.45 30000
2.8327174186706543 27.53 30000
2.8367011547088623 27.53 30000
2.840702772140503 27.53 30000
2.8446881771087646 27.62 30000
2.847639322280884 27.62 30000
2.8536641597747803 27.62 30000
2.8559441566467285 27.62 30000
2.859654188156128 27.62 30000
2.8626387119293213 27.71 30000
2.865588903427124 27.71 30000
2.870614767074585 27.71 30000
2.8746066093444824 27.71 30000
2.877598524093628 27.71 30000
2.880551338195801 27.71 30000
2.8845374584198 27.81 30000
2.8875296115875244 27.81 30000
2.8906383514404297 27.81 30000
2.8935582637786865 27.81 30000
2.8965086936950684 27.81 30000
2.900538206100464 27.81 30000
2.9044859409332275 27.9 30000
2.9074785709381104 27.9 30000
2.910684823989868 27.9 30000
2.9154603481292725 27.9 30000
2.9184484481811523 27.9 30000
2.9215519428253174 28.0 30000
2.925433397293091 28.0 30000
2.9284627437591553 28.0 30000
2.9334542751312256 28.0 30000
2.9364378452301025 28.0 30000
2.9397530555725098 28.0 30000
2.94242525100708 28.1 30000
2.9453749656677246 28.1 30000
2.9514012336730957 28.1 30000
2.9543545246124268 28.1 30000
2.9575724601745605 28.1 30000
2.960334539413452 28.1 30000
2.9653682708740234 28.21 30000
2.968374013900757 28.21 30000
2.9723448753356934 28.21 30000
2.9752933979034424 28.21 30000
2.979327440261841 28.21 30000
2.982280731201172 28.31 30000
2.9854795932769775 28.31 30000
2.9882593154907227 28.31 30000
2.9912610054016113 28.31 30000
2.9962918758392334 28.31 30000
3.000347137451172 28.42 30000
3.004220962524414 28.42 30000
3.008207321166992 28.42 30000
3.012239694595337 28.42 30000
3.0156655311584473 28.42 30000
3.0184779167175293 28.42 30000
3.022172451019287 28.53 30000
3.0261881351470947 28.53 30000
3.0291528701782227 28.53 30000
3.032167673110962 28.53 30000
3.035177230834961 28.53 30000
3.038447618484497 28.53 30000
3.0421175956726074 28.65 30000
3.045271873474121 28.65 30000
3.0481038093566895 28.65 30000
3.0526251792907715 28.65 30000
3.058220386505127 28.65 30000
3.0616092681884766 28.76 30000
3.065056085586548 28.76 30000
3.067049503326416 28.76 30000
3.0720884799957275 28.76 30000
3.075070858001709 28.76 30000
3.0780599117279053 28.88 30000
3.082054376602173 28.88 30000
3.08500075340271 28.88 30000
3.0880017280578613 28.88 30000
3.0929818153381348 28.88 30000
3.0961833000183105 28.88 30000
3.099008321762085 29.0 30000
3.1049485206604004 29.0 30000
3.1090035438537598 29.0 30000
3.1121413707733154 29.0 30000
3.115922212600708 29.0 30000
3.119908094406128 29.11 30000
3.1229021549224854 29.11 30000
3.1260170936584473 29.11 30000
3.1291909217834473 29.11 30000
3.1318979263305664 29.11 30000
3.136112689971924 29.11 30000
3.1389143466949463 29.24 30000
3.1423895359039307 29.24 30000
3.1453707218170166 29.24 30000
3.1478707790374756 29.24 30000
3.151822566986084 29.24 30000
3.155872106552124 29.24 30000
3.158846378326416 29.36 30000
3.162806272506714 29.36 30000
3.1677792072296143 29.36 30000
3.171093225479126 29.36 30000
3.1748034954071045 29.36 30000
3.1778030395507812 29.49 30000
3.1827828884124756 29.49 30000
3.184734582901001 29.49 30000
3.1887311935424805 29.49 30000
3.191757917404175 29.49 30000
3.194798707962036 29.49 30000
3.1988260746002197 29.61 30000
3.201733350753784 29.61 30000
3.204728364944458 29.61 30000
3.2077178955078125 29.61 30000
3.210674285888672 29.61 30000
3.2146973609924316 29.61 30000
3.2177062034606934 29.74 30000
3.2206804752349854 29.74 30000
3.2236344814300537 29.74 30000
3.2266275882720947 29.74 30000
3.232607126235962 29.74 30000
3.235640525817871 29.87 30000
3.2386093139648438 29.87 30000
3.2415850162506104 29.87 30000
3.2466113567352295 29.87 30000
3.249581813812256 29.87 30000
3.253553628921509 29.87 30000
3.25754714012146 30.01 30000
3.2605674266815186 30.01 30000
3.263566017150879 30.01 30000
3.2665579319000244 30.01 30000
3.269557476043701 30.01 30000
3.272500514984131 30.01 30000
3.276653528213501 30.15 30000
3.2804808616638184 30.15 30000
3.2835123538970947 30.15 30000
3.2865140438079834 30.15 30000
3.2894628047943115 30.15 30000
3.294447898864746 30.15 30000
3.2984321117401123 30.28 30000
3.3014259338378906 30.28 30000
3.3044185638427734 30.28 30000
3.3094611167907715 30.28 30000
3.312443494796753 30.28 30000
3.3153882026672363 30.42 30000
3.318378210067749 30.42 30000
3.3223729133605957 30.42 30000
3.325645923614502 30.42 30000
3.3294126987457275 30.42 30000
3.3323802947998047 30.42 30000
3.3363285064697266 30.57 30000
3.3403215408325195 30.57 30000
3.3433122634887695 30.57 30000
3.347299337387085 30.57 30000
3.3502914905548096 30.57 30000
3.354327440261841 30.71 30000
3.3573155403137207 30.71 30000
3.360285758972168 30.71 30000
3.3632595539093018 30.71 30000
3.3662960529327393 30.71 30000
3.3712387084960938 30.71 30000
3.3742733001708984 30.86 30000
3.378220319747925 30.86 30000
3.381251811981201 30.86 30000
3.385451316833496 30.86 30000
3.3891913890838623 30.86 30000
3.3922219276428223 30.86 30000
3.395214080810547 31.0 30000
3.3981635570526123 31.0 30000
3.403700113296509 31.0 30000
3.407182455062866 31.0 30000
3.410292387008667 31.0 30000
3.4131274223327637 31.15 30000
3.417437791824341 31.15 30000
3.4201083183288574 31.15 30000
3.4231622219085693 31.15 30000
3.4260923862457275 31.15 30000
3.4292173385620117 31.15 30000
3.434128522872925 31.31 30000
3.4376606941223145 31.31 30000
3.440208673477173 31.31 30000
3.4432034492492676 31.31 30000
3.44983172416687 31.31 30000
3.4530599117279053 31.31 30000
3.456122398376465 31.46 30000
3.459158182144165 31.46 30000
3.4640378952026367 31.46 30000
3.467977285385132 31.46 30000
3.4719667434692383 31.46 30000
3.4750025272369385 31.62 30000
3.481990337371826 31.62 30000
3.4849812984466553 31.62 30000
3.4889237880706787 31.62 30000
3.4909167289733887 31.62 30000
3.500896453857422 31.77 30000
3.502884864807129 31.77 30000
3.506094217300415 31.77 30000
3.5118706226348877 31.77 30000
3.51709246635437 31.93 30000
3.5208804607391357 31.93 30000
3.5241522789001465 31.93 30000
3.529813051223755 31.93 30000
3.5338451862335205 32.09 30000
3.536792516708374 32.09 30000
3.5391342639923096 32.09 30000
3.542959690093994 32.09 30000
3.546808958053589 32.09 30000
3.549800157546997 32.09 30000
3.5538206100463867 32.25 30000
3.559735059738159 32.25 30000
3.5621087551116943 32.25 30000
3.5648751258850098 32.25 30000
3.5687503814697266 32.25 30000
3.572737216949463 32.42 30000
3.576733350753784 32.42 30000
3.5807182788848877 32.42 30000
3.5827176570892334 32.42 30000
3.5886964797973633 32.42 30000
3.591646671295166 32.58 30000
3.594999313354492 32.58 30000
3.5986714363098145 32.58 30000
3.6016249656677246 32.58 30000
3.609602451324463 32.58 30000
3.613588333129883 32.75 30000
3.616621255874634 32.75 30000
3.6215715408325195 32.75 30000
3.624563455581665 32.75 30000
3.6276419162750244 32.75 30000
3.6305527687072754 32.92 30000
3.6345720291137695 32.92 30000
3.637589454650879 32.92 30000
3.6415202617645264 32.92 30000
3.645503282546997 32.92 30000
3.649533987045288 33.08 30000
3.652526378631592 33.08 30000
3.6554784774780273 33.08 30000
3.658601760864258 33.08 30000
3.6614718437194824 33.08 30000
3.6654486656188965 33.08 30000
3.668480157852173 33.26 30000
3.6714327335357666 33.26 30000
3.674469232559204 33.26 30000
3.6774234771728516 33.26 30000
3.6835391521453857 33.26 30000
3.6875197887420654 33.26 30000
3.690516948699951 33.43 30000
3.694500684738159 33.43 30000
3.700519323348999 33.43 30000
3.7035109996795654 33.43 30000
3.706472873687744 33.43 30000
3.7114880084991455 33.6 30000
3.7154452800750732 33.6 30000
3.718440532684326 33.6 30000
3.7214291095733643 33.6 30000
3.724421977996826 33.6 30000
3.7304670810699463 33.78 30000
3.733398914337158 33.78 30000
3.736392021179199 33.78 30000
3.7403810024261475 33.78 30000
3.7444047927856445 33.78 30000
3.7474019527435303 33.78 30000
3.7503535747528076 33.95 30000
3.7543752193450928 33.95 30000
3.759329319000244 33.95 30000
3.7623207569122314 33.95 30000
3.7653117179870605 33.95 30000
3.769331932067871 34.13 30000
3.77528977394104 34.13 30000
3.7782840728759766 34.13 30000
3.782268762588501 34.13 30000
3.7852609157562256 34.13 30000
3.78825306892395 34.31 30000
3.793241262435913 34.31 30000
3.7962327003479004 34.31 30000
3.7992212772369385 34.31 30000
3.802213430404663 34.31 30000
3.806746244430542 34.31 30000
3.8091938495635986 34.49 30000
3.8121883869171143 34.49 30000
3.815208911895752 34.49 30000
3.8181731700897217 34.49 30000
3.82315731048584 34.49 30000
3.8271501064300537 34.67 30000
3.830188274383545 34.67 30000
3.833134412765503 34.67 30000
3.8381175994873047 34.67 30000
3.841109037399292 34.67 30000
3.8441009521484375 34.67 30000
3.848093032836914 34.85 30000
3.8520798683166504 34.85 30000
3.855076313018799 34.85 30000
3.8581600189208984 34.85 30000
3.8612616062164307 34.85 30000
3.8650457859039307 34.85 30000
3.869035005569458 35.04 30000
3.873026132583618 35.04 30000
3.8752517700195312 35.04 30000
3.8782243728637695 35.04 30000
3.8810036182403564 35.04 30000
3.8869869709014893 35.23 30000
3.8909780979156494 35.23 30000
3.894967555999756 35.23 30000
3.89801287651062 35.23 30000
3.903205633163452 35.23 30000
3.905939817428589 35.41 30000
3.9099271297454834 35.41 30000
3.9119231700897217 35.41 30000
3.9189090728759766 35.41 30000
3.921950578689575 35.41 30000
3.925889015197754 35.6 30000
3.9308693408966064 35.6 30000
3.934858560562134 35.6 30000
3.9380686283111572 35.6 30000
3.9408535957336426 35.6 30000
3.9488251209259033 35.79 30000
3.9518673419952393 35.79 30000
3.9538097381591797 35.79 30000
3.957799196243286 35.79 30000
3.961787223815918 35.79 30000
3.965778112411499 35.97 30000
3.9687676429748535 35.97 30000
3.97175931930542 35.97 30000
3.97575044631958 35.97 30000
3.97973895072937 35.97 30000
3.9827346801757812 35.97 30000
3.985724449157715 36.16 30000
3.9887173175811768 36.16 30000
3.995698928833008 36.16 30000
3.998687744140625 36.16 30000
4.002717971801758 36.16 30000
4.005764484405518 36.35 30000
4.01265287399292 36.35 30000
4.015677452087402 36.35 30000
4.019631385803223 36.35 30000
4.022629261016846 36.35 30000
4.025623321533203 36.54 30000
4.028611660003662 36.54 30000
4.031600475311279 36.54 30000
4.034594774246216 36.54 30000
4.0377068519592285 36.54 30000
4.042574167251587 36.54 30000
4.045564651489258 36.73 30000
4.0485546588897705 36.73 30000
4.052548170089722 36.73 30000
4.055535554885864 36.73 30000
4.062521934509277 36.92 30000
4.065605401992798 36.92 30000
4.0685038566589355 36.92 30000
4.076484203338623 36.92 30000
4.079474687576294 36.92 30000
4.082498788833618 37.11 30000
4.085455894470215 37.11 30000
4.088481903076172 37.11 30000
4.091573476791382 37.11 30000
4.094434499740601 37.11 30000
4.0974578857421875 37.11 30000
4.100526571273804 37.11 30000
4.105402708053589 37.31 30000
4.1085333824157715 37.31 30000
4.111386775970459 37.31 30000
4.116499423980713 37.31 30000
4.702010154724121 43.26 30000
4.707994222640991 43.26 30000
4.71207332611084 43.26 30000
4.716973781585693 43.46 30000
4.719965696334839 43.46 30000
4.723952293395996 43.46 30000
4.727940082550049 43.46 30000
4.730935096740723 43.46 30000
4.7349207401275635 43.67 30000
4.737921953201294 43.67 30000
4.740908145904541 43.67 30000
4.7441086769104 43.67 30000
4.747237205505371 43.67 30000
4.752216100692749 43.87 30000
4.754871606826782 43.87 30000
4.758858919143677 43.87 30000
4.761852979660034 43.87 30000
4.765839099884033 43.87 30000
4.768996000289917 43.87 30000
4.772016525268555 44.08 30000
4.775815486907959 44.08 30000
4.778811693191528 44.08 30000
4.783791780471802 44.08 30000
4.786783218383789 44.08 30000
4.789775133132935 44.08 30000
4.7917704582214355 44.28 30000
4.7957603931427 44.28 30000
4.799747705459595 44.28 30000
4.8027403354644775 44.28 30000
4.806764125823975 44.28 30000
4.809723615646362 44.28 30000
4.81470799446106 44.48 30000
4.819701194763184 44.48 30000
4.823758840560913 44.48 30000
4.826677083969116 44.48 30000
4.833657741546631 44.68 30000
4.837649822235107 44.68 30000
4.842749357223511 44.68 30000
4.84562873840332 44.68 30000
4.848618030548096 44.68 30000
4.851609468460083 44.89 30000
4.854604244232178 44.89 30000
4.857595443725586 44.89 30000
4.860584735870361 44.89 30000
4.8636109828948975 44.89 30000
4.866572856903076 44.89 30000
4.869667053222656 44.89 30000
4.872557163238525 45.09 30000
4.880553722381592 45.09 30000
4.884521245956421 45.09 30000
4.887516736984253 45.09 30000
4.8915393352508545 45.29 30000
4.895494222640991 45.29 30000
4.899484872817993 45.29 30000
4.902688503265381 45.29 30000
4.906465768814087 45.29 30000
4.909455060958862 45.29 30000
4.9124462604522705 45.49 30000
4.916436195373535 45.49 30000
4.919471740722656 45.49 30000
4.923419952392578 45.49 30000
4.926419496536255 45.49 30000
4.929403781890869 45.49 30000
4.933391094207764 45.69 30000
4.94136905670166 45.69 30000
4.94635796546936 45.69 30000
4.950350761413574 45.9 30000
4.957326173782349 45.9 30000
4.9603188037872314 45.9 30000
4.963310718536377 45.9 30000
4.966302871704102 45.9 30000
4.971322536468506 46.1 30000
4.974281311035156 46.1 30000
4.977274656295776 46.1 30000
4.980265855789185 46.1 30000
4.986253976821899 46.1 30000
4.989278793334961 46.1 30000
4.992234230041504 46.3 30000
4.995228052139282 46.3 30000
5.0042030811309814 46.3 30000
5.008191108703613 46.3 30000
5.011190176010132 46.51 30000
5.017170190811157 46.51 30000
5.0212061405181885 46.51 30000
5.0261430740356445 46.51 30000
5.036115884780884 46.71 30000
5.040107727050781 46.71 30000
5.046090602874756 46.71 30000
5.058063507080078 46.91 30000
5.076009511947632 47.12 30000
5.087977409362793 47.12 30000
5.0999462604522705 47.32 30000
5.102938413619995 47.32 30000
5.106928110122681 47.32 30000
5.109923362731934 47.52 30000
5.1139092445373535 47.52 30000
5.117272853851318 47.52 30000
5.122887372970581 47.52 30000
5.12691593170166 47.52 30000
5.129018306732178 47.73 30000
5.131864786148071 47.73 30000
5.139872074127197 47.73 30000
5.1428306102752686 47.73 30000
5.146822452545166 47.73 30000
5.151667833328247 47.93 30000
5.160217046737671 47.93 30000
5.163332223892212 47.93 30000
5.166198015213013 47.93 30000
5.17218804359436 48.13 30000
5.175171136856079 48.13 30000
5.179158926010132 48.13 30000
5.183149576187134 48.13 30000
5.187139272689819 48.34 30000
5.190133571624756 48.34 30000
5.193457365036011 48.34 30000
5.196115732192993 48.34 30000
5.202097415924072 48.34 30000
5.206088304519653 48.34 30000
5.208173513412476 48.54 30000
5.211077690124512 48.54 30000
5.21710729598999 48.54 30000
5.220049619674683 48.54 30000
5.224039316177368 48.54 30000
5.228029012680054 48.74 30000
5.232035398483276 48.74 30000
5.235344648361206 48.74 30000
5.238642930984497 48.74 30000
5.24298882484436 48.74 30000
5.247241973876953 48.94 30000
5.250150918960571 48.94 30000
5.25395941734314 48.94 30000
5.256950616836548 48.94 30000
5.259947299957275 48.94 30000
5.2639336585998535 48.94 30000
5.26708459854126 49.15 30000
5.270305156707764 49.15 30000
5.272956371307373 49.15 30000
5.279924392700195 49.15 30000
5.285874843597412 49.35 30000
5.288870573043823 49.35 30000
5.293114423751831 49.35 30000
5.296159267425537 49.35 30000
5.298889875411987 49.35 30000
5.302872657775879 49.35 30000
5.305820465087891 49.55 30000
5.309817314147949 49.55 30000
5.315223693847656 49.55 30000
5.318819522857666 49.55 30000
5.321777582168579 49.55 30000
5.32577109336853 49.75 30000
5.3288657665252686 49.75 30000
5.332748174667358 49.75 30000
5.3357415199279785 49.75 30000
5.338733434677124 49.75 30000
5.343719482421875 49.75 30000
5.346822023391724 49.95 30000
5.349703073501587 49.95 30000
5.352702617645264 49.95 30000
5.3576819896698 49.95 30000
5.360673427581787 49.95 30000
5.363666534423828 49.95 30000
5.367672443389893 50.15 30000
5.374677658081055 50.15 30000
5.3776421546936035 50.15 30000
5.382617950439453 50.15 30000
5.391910552978516 50.35 30000
5.395581245422363 50.35 30000
5.403558969497681 50.55 30000
5.406550884246826 50.55 30000
5.410634994506836 50.55 30000
5.41453742980957 50.55 30000
5.41951847076416 50.55 30000
5.422509670257568 50.75 30000
5.42667293548584 50.75 30000
5.430491209030151 50.75 30000
5.435474395751953 50.75 30000
5.438510179519653 50.75 30000
5.442495346069336 50.95 30000
5.445493459701538 50.95 30000
5.450688362121582 50.95 30000
5.454427003860474 50.95 30000
5.45847487449646 50.95 30000
5.4653942584991455 51.15 30000
5.46839165687561 51.15 30000
5.472412586212158 51.15 30000
5.475369930267334 51.15 30000
5.478360891342163 51.15 30000
5.484344005584717 51.35 30000
5.487432956695557 51.35 30000
5.49032998085022 51.35 30000
5.496312856674194 51.35 30000
5.501941919326782 51.56 30000
5.505287408828735 51.56 30000
5.50928258895874 51.56 30000
5.5142669677734375 51.56 30000
5.518253564834595 51.56 30000
5.522266387939453 51.75 30000
5.525235176086426 51.75 30000
5.531221151351929 51.75 30000
5.534210920333862 51.75 30000
5.537203550338745 51.75 30000
5.540193319320679 51.95 30000
5.5451812744140625 51.95 30000
5.548174142837524 51.95 30000
5.551170110702515 51.95 30000
5.556116342544556 51.95 30000
5.567275047302246 52.16 30000
5.571264982223511 52.16 30000
5.5752527713775635 52.16 30000
5.5782482624053955 52.36 30000
5.581236362457275 52.36 30000
5.584228754043579 52.36 30000
5.592208385467529 52.36 30000
5.6101813316345215 52.56 30000
5.614164352416992 52.56 30000
5.618139266967773 52.76 30000
5.621309757232666 52.76 30000
5.624127626419067 52.76 30000
5.647066354751587 52.96 30000
5.65911078453064 53.16 30000
5.66701602935791 53.16 30000
5.67897629737854 53.36 30000
5.695986270904541 53.56 30000
5.709892511367798 53.56 30000
5.718868970870972 53.75 30000
5.723870277404785 53.75 30000
5.728167533874512 53.75 30000
5.734865188598633 53.75 30000
5.737819194793701 53.95 30000
5.740854978561401 53.95 30000
5.747790575027466 53.95 30000
5.751780986785889 53.95 30000
5.754971981048584 54.15 30000
5.757946252822876 54.15 30000
5.76401424407959 54.15 30000
5.76674747467041 54.15 30000
5.769733190536499 54.15 30000
5.772724628448486 54.15 30000
5.77672266960144 54.35 30000
5.779709339141846 54.35 30000
5.783696889877319 54.35 30000
5.78768515586853 54.35 30000
5.79267144203186 54.35 30000
5.79570460319519 54.54 30000
5.799498558044434 54.54 30000
5.80269980430603 54.54 30000
5.805636167526245 54.54 30000
5.814615726470947 54.74 30000
5.817709922790527 54.74 30000
5.823049545288086 54.74 30000
5.825899839401245 54.74 30000
5.828580141067505 54.74 30000
5.831568956375122 54.74 30000
5.834668397903442 54.93 30000
5.839547157287598 54.93 30000
5.842539310455322 54.93 30000
5.846534013748169 54.93 30000
5.850518465042114 54.93 30000
5.856501340866089 55.13 30000
5.8595006465911865 55.13 30000
5.862485647201538 55.13 30000
5.865529537200928 55.13 30000
5.870466470718384 55.13 30000
5.873597145080566 55.32 30000
5.876576662063599 55.32 30000
5.879439115524292 55.32 30000
5.882430553436279 55.32 30000
5.88642144203186 55.32 30000
5.889508247375488 55.32 30000
5.892441987991333 55.32 30000
5.895396709442139 55.52 30000
5.89838719367981 55.52 30000
5.903374433517456 55.52 30000
5.906367301940918 55.52 30000
5.910356760025024 55.52 30000
5.914405584335327 55.71 30000
5.917336940765381 55.71 30000
5.92048192024231 55.71 30000
5.9233222007751465 55.71 30000
5.926353454589844 55.71 30000
5.929931640625 55.71 30000
5.934462308883667 55.9 30000
5.937284469604492 55.9 30000
5.9405412673950195 55.9 30000
5.94327712059021 55.9 30000
5.947259902954102 55.9 30000
5.950251579284668 55.9 30000
5.953998565673828 56.1 30000
5.9566144943237305 56.1 30000
5.960223436355591 56.1 30000
5.9632203578948975 56.1 30000
5.966213226318359 56.1 30000
5.969241380691528 56.1 30000
5.972243070602417 56.29 30000
5.975184440612793 56.29 30000
5.981170892715454 56.29 30000
5.984205961227417 56.29 30000
5.987191915512085 56.29 30000
5.990144968032837 56.29 30000
5.994141340255737 56.48 30000
5.997272491455078 56.48 30000
6.001216411590576 56.48 30000
6.004224538803101 56.48 30000
6.010125398635864 56.48 30000
6.012211084365845 56.68 30000
6.0150792598724365 56.68 30000
6.019072532653809 56.68 30000
6.02210259437561 56.68 30000
6.02522087097168 56.68 30000
6.028217077255249 56.68 30000
6.031820297241211 56.87 30000
6.0346903800964355 56.87 30000
6.0380167961120605 56.87 30000
6.041007041931152 56.87 30000
6.0442047119140625 56.87 30000
6.047995090484619 56.87 30000
6.050981521606445 57.06 30000
6.054970026016235 57.06 30000
6.060959815979004 57.06 30000
6.062949180603027 57.06 30000
6.066962957382202 57.06 30000
6.069930076599121 57.25 30000
6.075946569442749 57.25 30000
6.07990288734436 57.25 30000
6.082897424697876 57.25 30000
6.087912321090698 57.44 30000
6.0899248123168945 57.44 30000
6.094003438949585 57.44 30000
6.097858428955078 57.44 30000
6.100847244262695 57.44 30000
6.106876611709595 57.64 30000
6.109823226928711 57.64 30000
6.112851619720459 57.64 30000
6.115811347961426 57.64 30000
6.120794773101807 57.64 30000
6.1247851848602295 57.64 30000
6.127792596817017 57.83 30000
6.132766008377075 57.83 30000
6.136751890182495 57.83 30000
6.140744209289551 57.83 30000
6.144729852676392 57.83 30000
6.148721694946289 58.02 30000
6.153706073760986 58.02 30000
6.1578662395477295 58.02 30000
6.160855531692505 58.02 30000
6.164727210998535 58.02 30000
6.168665409088135 58.21 30000
6.171656608581543 58.21 30000
6.175693988800049 58.21 30000
6.17969012260437 58.21 30000
6.186618328094482 58.4 30000
6.1906092166900635 58.4 30000
6.193598031997681 58.4 30000
6.197592258453369 58.4 30000
6.200583457946777 58.4 30000
6.204614877700806 58.4 30000
6.207567930221558 58.59 30000
6.211550951004028 58.59 30000
6.215576887130737 58.59 30000
6.218539237976074 58.59 30000
6.222523212432861 58.59 30000
6.225513219833374 58.78 30000
6.230503559112549 58.78 30000
6.234496593475342 58.78 30000
6.237483263015747 58.78 30000
6.241475343704224 58.78 30000
6.249450445175171 58.97 30000
6.252766370773315 58.97 30000
6.2556328773498535 58.97 30000
6.258431911468506 58.97 30000
6.263418674468994 58.97 30000
6.266861200332642 59.16 30000
6.270393133163452 59.16 30000
6.274382829666138 59.16 30000
6.2783730030059814 59.16 30000
6.281364679336548 59.16 30000
6.285693407058716 59.35 30000
6.288382291793823 59.35 30000
6.291344881057739 59.35 30000
6.297321557998657 59.35 30000
6.301315069198608 59.35 30000
6.304358720779419 59.53 30000
6.310288429260254 59.53 30000
6.3136045932769775 59.53 30000
6.317267417907715 59.53 30000
6.320970773696899 59.53 30000
6.326052904129028 59.72 30000
6.32893180847168 59.72 30000
6.331665992736816 59.72 30000
6.334226131439209 59.72 30000
6.337672233581543 59.72 30000
6.341206073760986 59.72 30000
6.344866514205933 59.91 30000
6.349183559417725 59.91 30000
6.353174924850464 59.91 30000
6.360153675079346 59.91 30000
6.3641440868377686 60.09 30000
6.368132591247559 60.09 30000
6.373164653778076 60.09 30000
6.376231908798218 60.09 30000
6.379108905792236 60.09 30000
6.3822922706604 60.27 30000
6.387080669403076 60.27 30000
6.392068862915039 60.27 30000
6.39610481262207 60.27 30000
6.400528192520142 60.27 30000
6.403040885925293 60.46 30000
6.406030893325806 60.46 30000
6.409023284912109 60.46 30000
6.41201639175415 60.46 30000
6.415011882781982 60.46 30000
6.420991659164429 60.65 30000
6.425049304962158 60.65 30000
6.429081678390503 60.65 30000
6.431991815567017 60.65 30000
6.437989950180054 60.65 30000
6.441978454589844 60.83 30000
6.443932056427002 60.83 30000
6.450022459030151 60.83 30000
6.453017234802246 60.83 30000
6.455950498580933 60.83 30000
6.4588963985443115 60.83 30000
6.461881875991821 61.02 30000
6.470857858657837 61.02 30000
6.474853277206421 61.02 30000
6.478843450546265 61.02 30000
6.482915163040161 61.2 30000
6.493802547454834 61.2 30000
6.4977898597717285 61.2 30000
6.50077748298645 61.39 30000
6.50977897644043 61.39 30000
6.513927459716797 61.39 30000
6.517732620239258 61.39 30000
6.521765947341919 61.57 30000
6.52590012550354 61.57 30000
6.530698776245117 61.57 30000
6.534769058227539 61.57 30000
6.538677215576172 61.57 30000
6.542667865753174 61.75 30000
6.546288967132568 61.75 30000
6.549809455871582 61.75 30000
6.5538105964660645 61.75 30000
6.5597944259643555 61.93 30000
6.563790321350098 61.93 30000
6.567772388458252 61.93 30000
6.570764541625977 61.93 30000
6.581770181655884 61.93 30000
6.586326837539673 62.11 30000
6.5897581577301025 62.11 30000
6.59271502494812 62.11 30000
6.5976927280426025 62.29 30000
6.601681709289551 62.29 30000
6.606329679489136 62.29 30000
6.609661817550659 62.29 30000
6.612717628479004 62.29 30000
6.615644693374634 62.29 30000
6.619956016540527 62.46 30000
6.624620676040649 62.46 30000
6.628656625747681 62.46 30000
6.632634162902832 62.46 30000
6.636647462844849 62.64 30000
6.640583515167236 62.64 30000
6.643601179122925 62.64 30000
6.646576642990112 62.64 30000
6.649554014205933 62.64 30000
6.653550386428833 62.64 30000
6.6566784381866455 62.81 30000
6.6595282554626465 62.81 30000
6.6625237464904785 62.81 30000
6.666560888290405 62.81 30000
6.670505523681641 62.81 30000
6.674487113952637 62.81 30000
6.677583694458008 62.99 30000
6.6804728507995605 62.99 30000
6.6894471645355225 62.99 30000
6.692914247512817 62.99 30000
6.696432590484619 63.16 30000
6.701415538787842 63.16 30000
6.705404996871948 63.16 30000
6.70843243598938 63.16 30000
6.712021112442017 63.16 30000
6.7153801918029785 63.33 30000
6.71936559677124 63.33 30000
6.7223594188690186 63.33 30000
6.725350618362427 63.33 30000
6.7303383350372314 63.33 30000
6.73332953453064 63.33 30000
6.736321449279785 63.49 30000
6.739556074142456 63.49 30000
6.742305755615234 63.49 30000
6.7472944259643555 63.49 30000
6.751283168792725 63.49 30000
6.754565238952637 63.66 30000
6.75726580619812 63.66 30000
6.762291193008423 63.66 30000
6.767290353775024 63.66 30000
6.771228313446045 63.66 30000
6.775218486785889 63.82 30000
6.778318643569946 63.82 30000
6.782200574874878 63.82 30000
6.785194396972656 63.82 30000
6.788189172744751 63.82 30000
6.791176080703735 63.82 30000
6.79620099067688 63.98 30000
6.8011486530303955 63.98 30000
6.80513858795166 63.98 30000
6.80916428565979 63.98 30000
6.8121421337127686 63.98 30000
6.815214395523071 64.14 30000
6.818239212036133 64.14 30000
6.822093963623047 64.14 30000
6.825084686279297 64.14 30000
6.829075336456299 64.14 30000
6.831069231033325 64.14 30000
6.834094762802124 64.3 30000
6.838054895401001 64.3 30000
6.842039346694946 64.3 30000
6.846066474914551 64.3 30000
6.850078344345093 64.3 30000
6.8540496826171875 64.3 30000
6.85703444480896 64.45 30000
6.860219717025757 64.45 30000
6.863980293273926 64.45 30000
6.86732292175293 64.45 30000
6.87101149559021 64.45 30000
6.874959230422974 64.61 30000
6.876945495605469 64.61 30000
6.879979848861694 64.61 30000
6.883953809738159 64.61 30000
6.889013767242432 64.61 30000
6.892905950546265 64.61 30000
6.895894527435303 64.76 30000
6.900068521499634 64.76 30000
6.904922962188721 64.76 30000
6.907862901687622 64.76 30000
6.91185450553894 64.76 30000
6.920616388320923 64.9 30000
6.9239661693573 64.9 30000
6.927249908447266 64.9 30000
6.931379795074463 64.9 30000
6.93621563911438 65.05 30000
6.940167427062988 65.05 30000
6.9435508251190186 65.05 30000
6.947155475616455 65.05 30000
6.955171346664429 65.19 30000
6.958120107650757 65.19 30000
6.96211314201355 65.19 30000
6.96528959274292 65.19 30000
6.9680962562561035 65.19 30000
6.9720892906188965 65.19 30000
6.975075960159302 65.33 30000
6.979065895080566 65.33 30000
6.983053922653198 65.33 30000
6.987043380737305 65.33 30000
6.990274906158447 65.33 30000
6.9940245151519775 65.47 30000
6.998213291168213 65.47 30000
7.001007556915283 65.47 30000
7.006188869476318 65.47 30000
7.011584281921387 65.47 30000
7.01701021194458 65.6 30000
7.020060062408447 65.6 30000
7.023943901062012 65.6 30000
7.028932809829712 65.6 30000
7.034225702285767 65.73 30000
7.041897535324097 65.73 30000
7.045884609222412 65.73 30000
7.048881530761719 65.73 30000
7.052868366241455 65.86 30000
7.056856870651245 65.86 30000
7.063837289810181 65.86 30000
7.066928863525391 65.86 30000
7.069822311401367 65.86 30000
7.074810266494751 65.99 30000
7.077799081802368 65.99 30000
7.08080792427063 65.99 30000
7.083785057067871 65.99 30000
7.086775541305542 65.99 30000
7.090794086456299 65.99 30000
7.093809366226196 66.11 30000
7.096802473068237 66.11 30000
7.100799798965454 66.11 30000
7.1077210903167725 66.11 30000
7.110713005065918 66.11 30000
7.114701271057129 66.23 30000
7.117694854736328 66.23 30000
7.125672340393066 66.23 30000
7.12866473197937 66.23 30000
7.132654428482056 66.35 30000
7.138636350631714 66.35 30000
7.141900300979614 66.35 30000
7.144619941711426 66.35 30000
7.147611856460571 66.35 30000
7.150611877441406 66.46 30000
7.1545960903167725 66.46 30000
7.158583402633667 66.46 30000
7.161618232727051 66.46 30000
7.165607690811157 66.46 30000
7.169616460800171 66.46 30000
7.17284083366394 66.58 30000
7.175595045089722 66.58 30000
7.178584098815918 66.58 30000
7.181752920150757 66.58 30000
7.1855151653289795 66.58 30000
7.188864469528198 66.58 30000
7.191826343536377 66.69 30000
7.194746255874634 66.69 30000
7.197483777999878 66.69 30000
7.201653480529785 66.69 30000
7.20461630821228 66.69 30000
7.207456350326538 66.69 30000
7.210445165634155 66.79 30000
7.215434551239014 66.79 30000
7.219421863555908 66.79 30000
7.222412824630737 66.79 30000
7.2254040241241455 66.79 30000
7.228400945663452 66.79 30000
7.235378265380859 66.9 30000
7.239421606063843 66.9 30000
7.242400646209717 66.9 30000
7.247345209121704 66.9 30000
7.2503416538238525 67.0 30000
7.25333046913147 67.0 30000
7.256833791732788 67.0 30000
7.259315013885498 67.0 30000
7.26430082321167 67.0 30000
7.2673020362854 67.0 30000
7.2702860832214355 67.09 30000
7.27333927154541 67.09 30000
7.278409242630005 67.09 30000
7.281752824783325 67.09 30000
7.284300327301025 67.09 30000
7.287268400192261 67.09 30000
7.290309906005859 67.19 30000
7.294220685958862 67.19 30000
7.297356843948364 67.19 30000
7.300883054733276 67.19 30000
7.303197860717773 67.19 30000
7.307186126708984 67.19 30000
7.313213586807251 67.28 30000
7.317195892333984 67.28 30000
7.321150064468384 67.28 30000
7.32419490814209 67.28 30000
7.327133417129517 67.28 30000
7.330127000808716 67.36 30000
7.3332507610321045 67.36 30000
7.336113214492798 67.36 30000
7.342093467712402 67.36 30000
7.345087289810181 67.36 30000
7.348283290863037 67.45 30000
7.351110219955444 67.45 30000
7.356268882751465 67.45 30000
7.359046936035156 67.45 30000
7.36304235458374 67.45 30000
7.366028070449829 67.53 30000
7.368025064468384 67.53 30000
7.375047922134399 67.53 30000
7.378995180130005 67.53 30000
7.381385564804077 67.53 30000
7.384978532791138 67.53 30000
7.390998601913452 67.6 30000
7.394037961959839 67.6 30000
7.396951913833618 67.6 30000
7.3999388217926025 67.6 30000
7.404134035110474 67.6 30000
7.407916784286499 67.68 30000
7.410909175872803 67.68 30000
7.413907766342163 67.68 30000
7.4178900718688965 67.68 30000
7.4219231605529785 67.68 30000
7.425870180130005 67.75 30000
7.428902626037598 67.75 30000
7.4318530559539795 67.75 30000
7.436839818954468 67.75 30000
7.439872741699219 67.75 30000
7.442871332168579 67.75 30000
7.445815563201904 67.82 30000
7.4508020877838135 67.82 30000
7.45479154586792 67.82 30000
7.457820177078247 67.82 30000
7.460843324661255 67.82 30000
7.463801145553589 67.82 30000
7.469751834869385 67.89 30000
7.473740816116333 67.89 30000
7.476860523223877 67.89 30000
7.482753753662109 67.89 30000
7.48670768737793 67.95 30000
7.4897027015686035 67.95 30000
7.493730068206787 67.95 30000
7.498683452606201 67.95 30000
7.5036609172821045 67.95 30000
7.507650375366211 68.01 30000
7.511641502380371 68.01 30000
7.515666961669922 68.01 30000
7.5186216831207275 68.01 30000
7.522610664367676 68.01 30000
7.538568019866943 68.07 30000
7.542557239532471 68.07 30000
7.558513402938843 68.13 30000
7.565497159957886 68.18 30000
7.5674889087677 68.18 30000
7.56948709487915 68.18 30000
7.572480201721191 68.18 30000
7.57447075843811 68.18 30000
7.576464414596558 68.18 30000
7.578689098358154 68.18 30000
7.580453872680664 68.18 30000
7.583446264266968 68.23 30000
7.5844433307647705 68.23 30000
7.586874485015869 68.23 30000
7.588915109634399 68.23 30000
7.592423439025879 68.23 30000
7.594422101974487 68.23 30000
7.596769332885742 68.23 30000
7.598407030105591 68.23 30000
7.600924015045166 68.23 30000
7.602801561355591 68.28 30000
7.604475975036621 68.28 30000
7.607867240905762 68.28 30000
7.609802007675171 68.28 30000
7.611873388290405 68.28 30000
7.614363431930542 68.28 30000
7.615878105163574 68.28 30000
7.6179070472717285 68.28 30000
7.61978554725647 68.28 30000
7.622643709182739 68.33 30000
7.624339580535889 68.33 30000
7.626789093017578 68.33 30000
7.628844261169434 68.33 30000
7.630327463150024 68.33 30000
7.632748603820801 68.33 30000
7.6352808475494385 68.33 30000
7.638272047042847 68.33 30000
7.639270782470703 68.33 30000
7.6417083740234375 68.37 30000
7.6432929039001465 68.37 30000
7.645291805267334 68.37 30000
7.648245573043823 68.37 30000
7.650240659713745 68.37 30000
7.652887582778931 68.37 30000
7.655229330062866 68.37 30000
7.6569435596466064 68.37 30000
7.65825080871582 68.37 30000
7.660268783569336 68.37 30000
7.662868976593018 68.42 30000
7.664911270141602 68.42 30000
7.666266918182373 68.42 30000
7.668193101882935 68.42 30000
7.670227289199829 68.42 30000
7.672212600708008 68.42 30000
7.675173997879028 68.42 30000
7.677167892456055 68.42 30000
7.679162502288818 68.42 30000
7.681157350540161 68.42 30000
7.683610916137695 68.46 30000
7.685780763626099 68.46 30000
7.688138484954834 68.46 30000
7.690133094787598 68.46 30000
7.692127704620361 68.46 30000
7.693163871765137 68.46 30000
7.6961188316345215 68.46 30000
7.698115110397339 68.46 30000
7.700107574462891 68.46 30000
7.702100992202759 68.49 30000
7.704095840454102 68.49 30000
7.706090450286865 68.49 30000
7.708085775375366 68.49 30000
7.710080623626709 68.49 30000
7.712074518203735 68.49 30000
7.714069366455078 68.49 30000
7.716070890426636 68.49 30000
7.7180585861206055 68.49 30000
7.72005295753479 68.49 30000
7.722047805786133 68.53 30000
7.724042654037476 68.53 30000
7.726037979125977 68.53 30000
7.728032827377319 68.53 30000
7.730027914047241 68.53 30000
7.7330193519592285 68.53 30000
7.735013008117676 68.53 30000
7.7370076179504395 68.53 30000
7.739004373550415 68.53 30000
7.740998268127441 68.56 30000
7.742993116378784 68.56 30000
7.744986534118652 68.56 30000
7.746982097625732 68.56 30000
7.74897575378418 68.56 30000
7.750970125198364 68.56 30000
7.752964973449707 68.56 30000
7.754959583282471 68.56 30000
7.75695538520813 68.56 30000
7.758948802947998 68.56 30000
7.760944843292236 68.6 30000
7.7629382610321045 68.6 30000
7.7649335861206055 68.6 30000
7.766928195953369 68.6 30000
7.768923044204712 68.6 30000
7.770916938781738 68.6 30000
7.772911787033081 68.6 30000
7.774911642074585 68.6 30000
7.776902914047241 68.6 30000
7.778898477554321 68.6 30000
7.780890464782715 68.63 30000
7.782886266708374 68.63 30000
7.784946441650391 68.63 30000
7.786873817443848 68.63 30000
7.788873672485352 68.63 30000
7.790921449661255 68.63 30000
7.792858362197876 68.63 30000
7.794854164123535 68.63 30000
7.796919584274292 68.63 30000
7.798904657363892 68.63 30000
7.8008809089660645 68.65 30000
7.802845478057861 68.65 30000
7.804903268814087 68.65 30000
7.806853294372559 68.65 30000
7.8088154792785645 68.65 30000
7.810811519622803 68.65 30000
7.8128697872161865 68.65 30000
7.814864635467529 68.65 30000
7.816866874694824 68.65 30000
7.8188865184783936 68.65 30000
7.8207855224609375 68.68 30000
7.822783470153809 68.68 30000
7.824805974960327 68.68 30000
7.8268139362335205 68.68 30000
7.8289244174957275 68.68 30000
7.830861330032349 68.68 30000
7.83288836479187 68.68 30000
7.834859371185303 68.68 30000
7.8367698192596436 68.68 30000
7.83882999420166 68.7 30000
7.840734004974365 68.7 30000
7.842786073684692 68.7 30000
7.844745635986328 68.7 30000
7.84689474105835 68.7 30000
7.848860740661621 68.7 30000
7.850811719894409 68.7 30000
7.8528664112091064 68.7 30000
7.854918956756592 68.7 30000
7.856688737869263 68.7 30000
7.8586835861206055 68.72 30000
7.860825538635254 68.72 30000
7.862675666809082 68.72 30000
7.8646674156188965 68.72 30000
7.8668742179870605 68.72 30000
7.86885404586792 68.72 30000
7.870738506317139 68.72 30000
7.872670888900757 68.72 30000
7.874726295471191 68.72 30000
7.87680459022522 68.72 30000
7.878821849822998 68.75 30000
7.88087272644043 68.75 30000
7.882826566696167 68.75 30000
7.8849005699157715 68.75 30000
7.88673996925354 68.75 30000
7.88860297203064 68.75 30000
7.890872955322266 68.75 30000
7.892772912979126 68.75 30000
7.8949315547943115 68.75 30000
7.8969879150390625 68.75 30000
7.8989458084106445 68.76 30000
7.900942087173462 68.76 30000
7.902617931365967 68.76 30000
7.90459418296814 68.76 30000
7.90663743019104 68.76 30000
7.908916473388672 68.76 30000
7.910906791687012 68.76 30000
7.912898778915405 68.76 30000
7.914934873580933 68.76 30000
7.91756796836853 68.76 30000
7.91952109336853 68.78 30000
7.921849966049194 68.78 30000
7.923659801483154 68.78 30000
7.9257378578186035 68.78 30000
7.92768931388855 68.78 30000
7.929817199707031 68.78 30000
7.93186616897583 68.78 30000
7.933681011199951 68.78 30000
7.935478210449219 68.78 30000
7.937872648239136 68.8 30000
7.939812898635864 68.8 30000
7.941852569580078 68.8 30000
7.9434590339660645 68.8 30000
7.945775508880615 68.8 30000
7.947770118713379 68.8 30000
7.9496989250183105 68.8 30000
7.951435565948486 68.8 30000
7.95390772819519 68.8 30000
7.955838203430176 68.8 30000
7.9578447341918945 68.81 30000
7.959871768951416 68.81 30000
7.962445020675659 68.81 30000
7.963403940200806 68.81 30000
7.965861797332764 68.81 30000
7.9679200649261475 68.81 30000
7.969813585281372 68.81 30000
7.97172999382019 68.81 30000
7.9737021923065186 68.81 30000
7.975801229476929 68.81 30000
7.97782826423645 68.82 30000
7.979404926300049 68.82 30000
7.98139214515686 68.82 30000
7.9838292598724365 68.82 30000
7.9857048988342285 68.82 30000
7.9873387813568115 68.82 30000
7.988335609436035 68.82 30000
7.990914821624756 68.82 30000
7.992847442626953 68.82 30000
7.994754791259766 68.82 30000
7.9963154792785645 68.83 30000
7.999009609222412 68.83 30000
8.000886917114258 68.83 30000
8.002712488174438 68.83 30000
8.004319190979004 68.83 30000
8.006833553314209 68.83 30000
8.0088369846344 68.83 30000
8.010445833206177 68.83 30000
8.012296199798584 68.83 30000
8.014792442321777 68.83 30000
8.016707181930542 68.84 30000
8.018842220306396 68.84 30000
8.020708322525024 68.84 30000
8.022799253463745 68.84 30000
8.024790287017822 68.84 30000
8.026271343231201 68.84 30000
8.028865337371826 68.84 30000
8.031221151351929 68.84 30000
8.033397912979126 68.84 30000
8.036207914352417 68.84 30000
8.038202285766602 68.85 30000
8.040197134017944 68.85 30000
8.042191743850708 68.85 30000
8.04418659210205 68.85 30000
8.046180963516235 68.85 30000
8.048176288604736 68.85 30000
8.050170421600342 68.85 30000
8.052165269851685 68.85 30000
8.054160833358765 68.85 30000
8.056154489517212 68.86 30000
8.057182550430298 68.86 30000
8.059147119522095 68.86 30000
8.06213927268982 68.86 30000
8.064133644104004 68.86 30000
8.066128253936768 68.86 30000
8.068124532699585 68.86 30000
8.070122480392456 68.86 30000
8.07211184501648 68.86 30000
8.073114156723022 68.86 30000
8.075107336044312 68.87 30000
8.078099727630615 68.87 30000
8.080092906951904 68.87 30000
8.082085371017456 68.87 30000
8.084079504013062 68.87 30000
8.086074352264404 68.87 30000
8.088069200515747 68.87 30000
8.09006667137146 68.87 30000
8.092061996459961 68.87 30000
8.094053745269775 68.87 30000
8.09604787826538 68.87 30000
8.098045825958252 68.87 30000
8.100037574768066 68.87 30000
8.10203218460083 68.87 30000
8.104028224945068 68.87 30000
8.106022119522095 68.87 30000
8.108017921447754 68.87 30000
8.110010623931885 68.87 30000
8.112005710601807 68.87 30000
8.114001750946045 68.88 30000
8.115994691848755 68.88 30000
8.117988586425781 68.88 30000
8.119983911514282 68.88 30000
8.121978521347046 68.88 30000
8.12397313117981 68.88 30000
8.125967502593994 68.88 30000
8.127962112426758 68.88 30000
8.129957437515259 68.88 30000
8.131951332092285 68.88 30000
8.133970260620117 68.88 30000
8.13594102859497 68.88 30000
8.137935400009155 68.88 30000
8.139930009841919 68.88 30000
8.14192509651184 68.88 30000
8.143919706344604 68.88 30000
8.145914793014526 68.88 30000
8.147908687591553 68.88 30000
8.149903774261475 68.88 30000
8.151898622512817 68.88 30000
8.154106616973877 68.88 30000
8.155887126922607 68.88 30000
8.157882690429688 68.88 30000
8.159877061843872 68.88 30000
8.161890029907227 68.88 30000
8.1638662815094 68.88 30000
8.165860891342163 68.88 30000
8.167855501174927 68.88 30000
8.16985011100769 68.88 30000
8.171855688095093 68.88 30000
8.17389702796936 68.88 30000
8.175884246826172 68.88 30000
8.177829265594482 68.88 30000
8.179843187332153 68.88 30000
8.181901454925537 68.88 30000
8.183880805969238 68.88 30000
8.18609619140625 68.88 30000
8.18787169456482 68.88 30000
8.189856767654419 68.88 30000
8.191846370697021 68.88 30000
8.193886756896973 68.88 30000
8.195784330368042 68.88 30000
8.197776079177856 68.88 30000
8.199871301651001 68.88 30000
8.201767444610596 68.88 30000
8.20388388633728 68.88 30000
8.205983877182007 68.88 30000
8.207890272140503 68.88 30000
8.209863185882568 68.88 30000
8.211861610412598 68.88 30000
8.213921070098877 68.88 30000
8.215769052505493 68.88 30000
8.217836856842041 68.88 30000
8.219719648361206 68.88 30000
8.221733093261719 68.88 30000
8.223745822906494 68.88 30000
8.225951433181763 68.88 30000
8.227964878082275 68.88 30000
8.230690002441406 68.88 30000
8.234679460525513 68.87 30000
8.237670421600342 68.87 30000
8.240665435791016 68.87 30000
8.243655681610107 68.87 30000
8.246647596359253 68.87 30000
8.249638080596924 68.87 30000
8.252631664276123 68.87 30000
8.255622863769531 68.87 30000
8.258616209030151 68.87 30000
8.26160979270935 68.87 30000
8.26559591293335 68.87 30000
8.268587589263916 68.87 30000
8.271579265594482 68.87 30000
8.274571657180786 68.87 30000
8.277610063552856 68.87 30000
8.290178060531616 68.87 30000
8.292932748794556 68.86 30000
8.295859098434448 68.86 30000
8.29984998703003 68.86 30000
8.303838729858398 68.86 30000
8.305831670761108 68.86 30000
8.309821128845215 68.86 30000
8.313812255859375 68.85 30000
8.31606936454773 68.85 30000
8.319795846939087 68.85 30000
8.323824167251587 68.85 30000
8.327776908874512 68.85 30000
8.32976770401001 68.85 30000
8.333757162094116 68.84 30000
8.336749792098999 68.84 30000
8.339745044708252 68.84 30000
8.343731164932251 68.84 30000
8.346773386001587 68.84 30000
8.34971570968628 68.84 30000
8.352709770202637 68.83 30000
8.355705499649048 68.83 30000
8.35968828201294 68.83 30000
8.36268138885498 68.83 30000
8.365754127502441 68.83 30000
8.368668794631958 68.83 30000
8.371658325195312 68.82 30000
8.375648975372314 68.82 30000
8.378639221191406 68.82 30000
8.381696224212646 68.82 30000
8.384621143341064 68.82 30000
8.387614727020264 68.82 30000
8.390608787536621 68.81 30000
8.39359712600708 68.81 30000
8.396597146987915 68.81 30000
8.399580955505371 68.81 30000
8.402580976486206 68.81 30000
8.405567646026611 68.81 30000
8.408557891845703 68.81 30000
8.411551237106323 68.8 30000
8.414541959762573 68.8 30000
8.417537450790405 68.8 30000
8.421523571014404 68.8 30000
8.424521923065186 68.8 30000
8.427506446838379 68.8 30000
8.430498361587524 68.78 30000
8.433493852615356 68.78 30000
8.43748164176941 68.78 30000
8.440494537353516 68.78 30000
8.443467617034912 68.78 30000
8.446459293365479 68.78 30000
8.449448347091675 68.77 30000
8.453438520431519 68.77 30000
8.456430435180664 68.77 30000
8.459429740905762 68.77 30000
8.462418556213379 68.77 30000
8.46560287475586 68.77 30000
8.468542575836182 68.75 30000
8.471389532089233 68.75 30000
8.474382162094116 68.75 30000
8.477373838424683 68.75 30000
8.480367183685303 68.75 30000
8.484394550323486 68.75 30000
8.487346887588501 68.75 30000
8.491337299346924 68.74 30000
8.494369745254517 68.74 30000
8.499316692352295 68.74 30000
8.502308368682861 68.74 30000
8.505337715148926 68.74 30000
8.508291482925415 68.72 30000
8.511284112930298 68.72 30000
8.51527452468872 68.72 30000
8.518305540084839 68.72 30000
8.521260023117065 68.72 30000
8.524248361587524 68.72 30000
8.527239561080933 68.72 30000
8.532232284545898 68.7 30000
8.535219192504883 68.7 30000
8.538211345672607 68.7 30000
8.54120922088623 68.7 30000
8.546189546585083 68.7 30000
8.55017876625061 68.69 30000
8.554168224334717 68.69 30000
8.556162118911743 68.69 30000
8.55915641784668 68.69 30000
8.562150239944458 68.69 30000
8.565176486968994 68.69 30000
8.569128036499023 68.67 30000
8.571128845214844 68.67 30000
8.57311725616455 68.67 30000
8.575111389160156 68.67 30000
8.577519655227661 68.67 30000
8.579101085662842 68.67 30000
8.581095933914185 68.67 30000
8.583088874816895 68.67 30000
8.585084915161133 68.67 30000
8.587079763412476 68.65 30000
8.58907413482666 68.65 30000
8.591070175170898 68.65 30000
8.593064308166504 68.65 30000
8.595555067062378 68.65 30000
8.597456932067871 68.65 30000
8.5990469455719 68.65 30000
8.601042747497559 68.65 30000
8.603038311004639 68.65 30000
8.60503101348877 68.65 30000
8.607025384902954 68.63 30000
8.609019994735718 68.63 30000
8.611015558242798 68.63 30000
8.613009452819824 68.63 30000
8.615005254745483 68.63 30000
8.616999387741089 68.63 30000
8.619001388549805 68.63 30000
8.6209876537323 68.63 30000
8.622983694076538 68.63 30000
8.624988794326782 68.63 30000
8.626971960067749 68.6 30000
8.62898850440979 68.6 30000
8.630961418151855 68.6 30000
8.632958889007568 68.6 30000
8.634979963302612 68.6 30000
8.637006998062134 68.6 30000
8.638940572738647 68.6 30000
8.640934228897095 68.6 30000
8.642940759658813 68.6 30000
8.644939661026001 68.6 30000
8.646918773651123 68.58 30000
8.649058818817139 68.58 30000
8.650967359542847 68.58 30000
8.653067827224731 68.58 30000
8.654898881912231 68.58 30000
8.657925128936768 68.58 30000
8.66009783744812 68.58 30000
8.66217851638794 68.58 30000
8.664063453674316 68.58 30000
8.666059017181396 68.56 30000
8.668052434921265 68.56 30000
8.669893264770508 68.56 30000
8.671851634979248 68.56 30000
8.673847913742065 68.56 30000
8.675849676132202 68.56 30000
8.678002119064331 68.56 30000
8.680011510848999 68.56 30000
8.681828737258911 68.56 30000
8.68408989906311 68.56 30000
8.685850858688354 68.54 30000
8.688807487487793 68.54 30000
8.691020965576172 68.54 30000
8.693033695220947 68.54 30000
8.695046663284302 68.54 30000
8.696786165237427 68.54 30000
8.69893193244934 68.54 30000
8.70089840888977 68.54 30000