time temp control
0.04188847541809082 24.92 30000
0.04499506950378418 24.92 30000
0.04787254333496094 24.92 30000
0.05095267295837402 24.92 30000
0.05485391616821289 24.92 30000
0.058843374252319336 24.92 30000
0.06183815002441406 24.92 30000
0.0649561882019043 24.92 30000
0.06782221794128418 24.92 30000
0.07081294059753418 24.92 30000
0.07480168342590332 24.92 30000
0.07879042625427246 24.92 30000
0.08278322219848633 24.92 30000
0.08584904670715332 24.92 30000
0.08881115913391113 24.92 30000
0.09275341033935547 24.92 30000
0.09586238861083984 24.92 30000
0.09973573684692383 24.92 30000
0.10702991485595703 24.92 30000
0.1101067066192627 24.92 30000
0.1140139102935791 24.92 30000
0.11705279350280762 24.92 30000
0.12099027633666992 24.92 30000
0.12398147583007812 24.92 30000
0.12697386741638184 24.92 30000
0.1299738883972168 24.92 30000
0.13495135307312012 24.92 30000
0.13797640800476074 24.92 30000
0.14093565940856934 24.92 30000
0.14393377304077148 24.92 30000
0.14691948890686035 24.92 30000
0.1519474983215332 24.92 30000
0.15494155883789062 24.92 30000
0.16098403930664062 24.92 30000
0.16487360000610352 24.92 30000
0.16791033744812012 24.92 30000
0.17185282707214355 24.92 30000
0.17484545707702637 24.92 30000
0.17783713340759277 24.92 30000
0.18198275566101074 24.92 30000
0.18581604957580566 24.92 30000
0.18980956077575684 24.92 30000
0.19280123710632324 24.92 30000
0.19678783416748047 24.92 30000
0.19978022575378418 24.92 30000
0.20277047157287598 24.92 30000
0.2057662010192871 24.92 30000
0.2087538242340088 24.92 30000
0.21374058723449707 24.92 30000
0.2167351245880127 24.92 30000
0.2197253704071045 24.92 30000
0.2227184772491455 24.92 30000
0.22670650482177734 24.92 30000
0.230696439743042 24.92 30000
0.2336888313293457 24.92 30000
0.2366793155670166 24.92 30000
0.23967361450195312 24.92 30000
0.24373245239257812 24.92 30000
0.24665594100952148 24.92 30000
0.24964666366577148 24.92 30000
0.2526369094848633 24.92 30000
0.2556302547454834 24.92 30000
0.2606174945831299 24.92 30000
0.2636146545410156 24.92 30000
0.2666018009185791 24.92 30000
0.26961183547973633 24.92 30000
0.27268218994140625 24.92 30000
0.276745080947876 24.92 30000
0.27956533432006836 24.92 30000
0.282564640045166 24.92 30000
0.2855551242828369 24.92 30000
0.2895822525024414 24.92 30000
0.2925295829772949 24.92 30000
0.2955296039581299 24.92 30000
0.29862236976623535 24.92 30000
0.3025071620941162 24.92 30000
0.30649518966674805 24.92 30000
0.3095359802246094 24.92 30000
0.31251978874206543 24.92 30000
0.31547117233276367 24.92 30000
0.318479061126709 24.92 30000
0.3224523067474365 24.92 30000
0.325453519821167 24.92 30000
0.3284726142883301 24.92 30000
0.331653356552124 24.92 30000
0.33461499214172363 24.92 30000
0.33940601348876953 24.92 30000
0.34249234199523926 24.92 30000
0.34538984298706055 24.92 30000
0.3484029769897461 24.92 30000
0.3513767719268799 24.92 30000
0.35636162757873535 24.92 30000
0.3594324588775635 24.92 30000
0.3624076843261719 24.92 30000
0.36546945571899414 24.92 30000
0.37056684494018555 24.92 30000
0.37331652641296387 24.92 30000
0.3764522075653076 24.92 30000
0.3793027400970459 24.92 30000
0.3824496269226074 24.92 30000
0.3874378204345703 24.92 30000
0.3904128074645996 24.92 30000
0.3932607173919678 24.92 30000
0.3963160514831543 24.92 30000
0.39925456047058105 24.92 30000
0.4082202911376953 24.92 30000
0.4102184772491455 24.92 30000
0.4136645793914795 24.92 30000
0.41742944717407227 24.92 30000
0.4201929569244385 24.92 30000
0.4233264923095703 24.92 30000
0.4262411594390869 24.92 30000
0.4293212890625 24.92 30000
0.4334986209869385 24.92 30000
0.43614912033081055 24.92 30000
0.4391806125640869 24.92 30000
0.4431295394897461 24.92 30000
0.4461190700531006 24.92 30000
0.44942498207092285 24.92 30000
0.45310068130493164 24.92 30000
0.4554111957550049 24.92 30000
0.45908474922180176 24.92 30000
0.4620802402496338 24.92 30000
0.46706533432006836 24.92 30000
0.47005558013916016 24.92 30000
0.47304844856262207 24.92 30000
0.4760398864746094 24.92 30000
0.4790360927581787 24.92 30000
0.48401832580566406 24.92 30000
0.4880080223083496 24.92 30000
0.4909989833831787 24.92 30000
0.49399590492248535 24.92 30000
0.49802398681640625 24.92 30000
0.501011848449707 24.92 30000
0.5039684772491455 24.92 30000
0.5069589614868164 24.92 30000
0.5099554061889648 24.92 30000
0.5149359703063965 24.92 30000
0.5199265480041504 24.92 30000
0.5229191780090332 24.92 30000
0.525968074798584 24.92 30000
0.5298960208892822 24.92 30000
0.5328876972198486 24.92 30000
0.535881757736206 24.92 30000
0.5388739109039307 24.92 30000
0.5418667793273926 24.92 30000
0.5458593368530273 24.92 30000
0.5488486289978027 24.92 30000
0.5518388748168945 24.92 30000
0.5548357963562012 24.92 30000
0.5578649044036865 24.92 30000
0.5608148574829102 24.92 30000
0.5638046264648438 24.92 30000
0.5667965412139893 24.92 30000
0.5697894096374512 24.92 30000
0.5727863311767578 24.92 30000
0.5777673721313477 24.92 30000
0.5807597637176514 24.92 30000
0.5837531089782715 24.92 30000
0.5867860317230225 24.92 30000
0.5897409915924072 24.92 30000
0.5937249660491943 24.92 30000
0.5967168807983398 24.92 30000
0.5997166633605957 24.92 30000
0.6027333736419678 24.92 30000
0.6056933403015137 24.92 30000
0.6106855869293213 24.92 30000
0.6136713027954102 24.92 30000
0.6166632175445557 24.92 30000
0.6196606159210205 24.92 30000
0.6226472854614258 24.92 30000
0.6286311149597168 24.92 30000
0.6316230297088623 24.92 30000
0.6347668170928955 24.92 30000
0.6376075744628906 24.92 30000
0.6415958404541016 24.92 30000
0.6447238922119141 24.92 30000
0.6476390361785889 24.92 30000
0.650665283203125 24.92 30000
0.6535723209381104 24.92 30000
0.6585524082183838 24.92 30000
0.6615445613861084 24.92 30000
0.6645369529724121 24.92 30000
0.6675293445587158 24.92 30000
0.6715168952941895 24.92 30000
0.6746172904968262 24.92 30000
0.6775028705596924 24.92 30000
0.680495023727417 24.92 30000
0.6834867000579834 24.92 30000
0.6874761581420898 24.92 30000
0.6904690265655518 24.92 30000
0.6935031414031982 24.93 30000
0.6964499950408936 24.93 30000
0.699446439743042 24.93 30000
0.7054314613342285 24.93 30000
0.7084245681762695 24.93 30000
0.7124085426330566 24.93 30000
0.7144026756286621 24.93 30000
0.7204611301422119 24.93 30000
0.7237088680267334 24.93 30000
0.7264659404754639 24.93 30000
0.7293829917907715 24.93 30000
0.7333574295043945 24.93 30000
0.7364175319671631 24.93 30000
0.7394282817840576 24.93 30000
0.742464542388916 24.93 30000
0.7453773021697998 24.93 30000
0.7503070831298828 24.93 30000
0.7533049583435059 24.93 30000
0.7566289901733398 24.93 30000
0.7593502998352051 24.93 30000
0.7623240947723389 24.93 30000
0.7675271034240723 24.93 30000
0.7702946662902832 24.93 30000
0.7732465267181396 24.93 30000
0.7764232158660889 24.93 30000
0.7792320251464844 24.93 30000
0.7842152118682861 24.93 30000
0.7866120338439941 24.93 30000
0.7894115447998047 24.93 30000
0.7923755645751953 24.93 30000
0.79817795753479 24.93 30000
0.8003344535827637 24.93 30000
0.8035104274749756 24.93 30000
0.8061580657958984 24.93 30000
0.8102061748504639 24.93 30000
0.8131372928619385 24.94 30000
0.8171279430389404 24.94 30000
0.8201212882995605 24.94 30000
0.8222365379333496 24.94 30000
0.8251094818115234 24.94 30000
0.8340837955474854 24.94 30000
0.8370766639709473 24.94 30000
0.8390703201293945 24.94 30000
0.8450524806976318 24.94 30000
0.8480465412139893 24.94 30000
0.8510386943817139 24.94 30000
0.8540356159210205 24.94 30000
0.857025146484375 24.94 30000
0.8620080947875977 24.94 30000
0.864999532699585 24.94 30000
0.8679935932159424 24.94 30000
0.8709843158721924 24.94 30000
0.8739776611328125 24.95 30000
0.8770754337310791 24.95 30000
0.8799614906311035 24.95 30000
0.8829517364501953 24.95 30000
0.8859806060791016 24.95 30000
0.8889400959014893 24.95 30000
0.8929579257965088 24.95 30000
0.8959164619445801 24.95 30000
0.898909330368042 24.95 30000
0.9019007682800293 24.95 30000
0.9048926830291748 24.95 30000
0.9128711223602295 24.96 30000
0.915869951248169 24.96 30000
0.9188592433929443 24.96 30000
0.9218478202819824 24.96 30000
0.9248886108398438 24.96 30000
0.9279472827911377 24.96 30000
0.9309332370758057 24.96 30000
0.9339292049407959 24.96 30000
0.9390063285827637 24.96 30000
0.9419045448303223 24.96 30000
0.9448959827423096 24.96 30000
0.9478929042816162 24.96 30000
0.9508876800537109 24.96 30000
0.9608535766601562 24.96 30000
0.9658434391021729 24.96 30000
0.9698290824890137 24.97 30000
0.9728207588195801 24.97 30000
0.9758131504058838 24.97 30000
0.9788234233856201 24.97 30000
0.9818017482757568 24.97 30000
0.9877834320068359 24.97 30000
0.9907739162445068 24.97 30000
0.9937644004821777 24.97 30000
0.9968757629394531 24.97 30000
0.9998867511749268 24.97 30000
1.0028443336486816 24.97 30000
1.005735158920288 24.97 30000
1.0087246894836426 24.98 30000
1.0117180347442627 24.98 30000
1.0157058238983154 24.98 30000
1.0187022686004639 24.98 30000
1.0216927528381348 24.98 30000
1.024688720703125 24.98 30000
1.0278704166412354 24.98 30000
1.0406877994537354 24.99 30000
1.043684720993042 24.99 30000
1.0486664772033691 24.99 30000
1.0516588687896729 24.99 30000
1.0546505451202393 24.99 30000
1.0576426982879639 24.99 30000
1.0626311302185059 24.99 30000
1.066631555557251 24.99 30000
1.0696125030517578 25.0 30000
1.0726027488708496 25.0 30000
1.075632095336914 25.0 30000
1.0836424827575684 25.0 30000
1.086634874343872 25.0 30000
1.089646577835083 25.01 30000
1.0946152210235596 25.01 30000
1.0976078510284424 25.01 30000
1.1006362438201904 25.01 30000
1.1035878658294678 25.01 30000
1.1065866947174072 25.01 30000
1.1115729808807373 25.01 30000
1.1146035194396973 25.01 30000
1.1175520420074463 25.01 30000
1.1206090450286865 25.01 30000
1.1245319843292236 25.01 30000
1.1276028156280518 25.02 30000
1.1305174827575684 25.02 30000
1.133509635925293 25.02 30000
1.1367580890655518 25.02 30000
1.141559362411499 25.02 30000
1.1445841789245605 25.02 30000
1.147510051727295 25.03 30000
1.1504621505737305 25.03 30000
1.1534616947174072 25.03 30000
1.1564531326293945 25.03 30000
1.1606299877166748 25.03 30000
1.1636452674865723 25.03 30000
1.1664659976959229 25.04 30000
1.1694140434265137 25.04 30000
1.1764357089996338 25.04 30000
1.1793909072875977 25.04 30000
1.1823852062225342 25.04 30000
1.1853759288787842 25.05 30000
1.1893961429595947 25.05 30000
1.1923558712005615 25.05 30000
1.1957263946533203 25.05 30000
1.1983771324157715 25.05 30000
1.2013435363769531 25.05 30000
1.2066586017608643 25.06 30000
1.2097368240356445 25.06 30000
1.2123360633850098 25.06 30000
1.2157270908355713 25.06 30000
1.2203238010406494 25.06 30000
1.2223148345947266 25.06 30000
1.2253224849700928 25.07 30000
1.228257656097412 25.07 30000
1.231351375579834 25.07 30000
1.2363791465759277 25.07 30000
1.2392263412475586 25.07 30000
1.2423551082611084 25.07 30000
1.2452149391174316 25.08 30000
1.2483625411987305 25.08 30000
1.2531890869140625 25.08 30000
1.2582166194915771 25.08 30000
1.2611722946166992 25.08 30000
1.2632997035980225 25.08 30000
1.2693743705749512 25.09 30000
1.2725715637207031 25.09 30000
1.2755916118621826 25.09 30000
1.279118299484253 25.09 30000
1.2841722965240479 25.09 30000
1.28623628616333 25.1 30000
1.289306640625 25.1 30000
1.2931246757507324 25.1 30000
1.2965495586395264 25.1 30000
1.3001782894134521 25.1 30000
1.3030567169189453 25.1 30000
1.306089162826538 25.11 30000
1.3090815544128418 25.11 30000
1.3140895366668701 25.11 30000
1.31705641746521 25.11 30000
1.3200550079345703 25.11 30000
1.3230013847351074 25.11 30000
1.3259925842285156 25.12 30000
1.3300285339355469 25.12 30000
1.3330135345458984 25.12 30000
1.3359684944152832 25.12 30000
1.3389651775360107 25.12 30000
1.3419561386108398 25.12 30000
1.3479809761047363 25.13 30000
1.3509712219238281 25.13 30000
1.353959321975708 25.13 30000
1.3569121360778809 25.13 30000
1.3619465827941895 25.13 30000
1.364940881729126 25.14 30000
1.3678829669952393 25.14 30000
1.370917558670044 25.14 30000
1.3738718032836914 25.14 30000
1.3778560161590576 25.14 30000
1.3818469047546387 25.14 30000
1.384887933731079 25.15 30000
1.3878593444824219 25.15 30000
1.3908262252807617 25.15 30000
1.3948123455047607 25.15 30000
1.397803783416748 25.15 30000
1.4007956981658936 25.15 30000
1.403822422027588 25.17 30000
1.406783103942871 25.17 30000
1.4107661247253418 25.17 30000
1.4137957096099854 25.17 30000
1.4167532920837402 25.17 30000
1.4197454452514648 25.17 30000
1.4227361679077148 25.17 30000
1.4277219772338867 25.18 30000
1.430729627609253 25.18 30000
1.4337058067321777 25.18 30000
1.4366962909698486 25.18 30000
1.4407265186309814 25.18 30000
1.4446749687194824 25.19 30000
1.4476728439331055 25.19 30000
1.4506614208221436 25.19 30000
1.4536912441253662 25.19 30000
1.4606740474700928 25.19 30000
1.463627815246582 25.21 30000
1.4666252136230469 25.21 30000
1.4706063270568848 25.21 30000
1.473639965057373 25.21 30000
1.4766383171081543 25.21 30000
1.4800992012023926 25.21 30000
1.4825778007507324 25.22 30000
1.4885947704315186 25.22 30000
1.4915547370910645 25.22 30000
1.4945449829101562 25.22 30000
1.4975357055664062 25.22 30000
1.5005273818969727 25.22 30000
1.505582332611084 25.23 30000
1.5087907314300537 25.23 30000
1.511613368988037 25.23 30000
1.5146169662475586 25.23 30000
1.518681287765503 25.23 30000
1.5214743614196777 25.23 30000
1.5245022773742676 25.25 30000
1.5274620056152344 25.25 30000
1.5304901599884033 25.25 30000
1.5345451831817627 25.25 30000
1.537435531616211 25.25 30000
1.5404222011566162 25.25 30000
1.5434556007385254 25.26 30000
1.5464096069335938 25.26 30000
1.5505545139312744 25.26 30000
1.553478717803955 25.26 30000
1.556612491607666 25.26 30000
1.5594892501831055 25.26 30000
1.5625109672546387 25.28 30000
1.5665476322174072 25.28 30000
1.5703411102294922 25.28 30000
1.5724835395812988 25.28 30000
1.5753798484802246 25.28 30000
1.5783631801605225 25.28 30000
1.5833532810211182 25.29 30000
1.587296724319458 25.29 30000
1.5893278121948242 25.29 30000
1.5924406051635742 25.29 30000
1.5955514907836914 25.29 30000
1.6002984046936035 25.29 30000
1.6033382415771484 25.3 30000
1.6062443256378174 25.3 30000
1.6096014976501465 25.3 30000
1.614358901977539 25.3 30000
1.6172394752502441 25.3 30000
1.6207141876220703 25.3 30000
1.6232001781463623 25.32 30000
1.6262564659118652 25.32 30000
1.6312167644500732 25.32 30000
1.6340217590332031 25.32 30000
1.6366009712219238 25.32 30000
1.639387845993042 25.32 30000
1.6421504020690918 25.34 30000
1.6481781005859375 25.34 30000
1.6511638164520264 25.34 30000
1.6531214714050293 25.34 30000
1.6561086177825928 25.34 30000
1.6621372699737549 25.35 30000
1.665125846862793 25.35 30000
1.6674108505249023 25.35 30000
1.6704325675964355 25.35 30000
1.674201488494873 25.35 30000
1.6774117946624756 25.35 30000
1.681180715560913 25.37 30000
1.6841731071472168 25.37 30000
1.6881635189056396 25.37 30000
1.690166711807251 25.37 30000
1.6961722373962402 25.37 30000
1.699131965637207 25.37 30000
1.7041206359863281 25.38 30000
1.70711088180542 25.38 30000
1.7120964527130127 25.38 30000
1.7151644229888916 25.38 30000
1.7180819511413574 25.38 30000
1.7210726737976074 25.4 30000
1.725062608718872 25.4 30000
1.7290518283843994 25.4 30000
1.732043981552124 25.4 30000
1.7350387573242188 25.4 30000
1.7380287647247314 25.4 30000
1.7420165538787842 25.42 30000
1.7450096607208252 25.42 30000
1.7480003833770752 25.42 30000
1.7509956359863281 25.42 30000
1.7539911270141602 25.42 30000
1.7589714527130127 25.44 30000
1.7619643211364746 25.44 30000
1.7650718688964844 25.44 30000
1.7679524421691895 25.44 30000
1.7719395160675049 25.44 30000
1.7749292850494385 25.44 30000
1.7779204845428467 25.44 30000
1.7809131145477295 25.45 30000
1.783949613571167 25.45 30000
1.7878949642181396 25.45 30000
1.7908873558044434 25.45 30000
1.7938849925994873 25.45 30000
1.7970349788665771 25.45 30000
1.7998631000518799 25.47 30000
1.8038523197174072 25.47 30000
1.80684494972229 25.47 30000
1.8098366260528564 25.47 30000
1.8129384517669678 25.47 30000
1.8168230056762695 25.47 30000
1.8208060264587402 25.49 30000
1.8237979412078857 25.49 30000
1.8267900943756104 25.49 30000
1.8297820091247559 25.49 30000
1.8327748775482178 25.49 30000
1.8377606868743896 25.49 30000
1.841752052307129 25.51 30000
1.844742774963379 25.51 30000
1.8477826118469238 25.51 30000
1.85072660446167 25.51 30000
1.8537213802337646 25.51 30000
1.8567140102386475 25.51 30000
1.8597519397735596 25.53 30000
1.8626940250396729 25.53 30000
1.866687297821045 25.53 30000
1.8697328567504883 25.53 30000
1.8727004528045654 25.53 30000
1.875666856765747 25.53 30000
1.8786559104919434 25.54 30000
1.8827438354492188 25.54 30000
1.885634183883667 25.54 30000
1.8888888359069824 25.54 30000
1.891618251800537 25.54 30000
1.8946101665496826 25.54 30000
1.8995964527130127 25.56 30000
1.9025886058807373 25.56 30000
1.9066288471221924 25.56 30000
1.909576654434204 25.56 30000
1.9137954711914062 25.56 30000
1.917217493057251 25.56 30000
1.9195635318756104 25.58 30000
1.9225411415100098 25.58 30000
1.9257569313049316 25.58 30000
1.9305133819580078 25.58 30000
1.9336235523223877 25.58 30000
1.936497688293457 25.58 30000
1.9396228790283203 25.61 30000
1.942481279373169 25.61 30000
1.9464712142944336 25.61 30000
1.9494636058807373 25.61 30000
1.9525063037872314 25.61 30000
1.9556102752685547 25.61 30000
1.9586477279663086 25.63 30000
1.963594913482666 25.63 30000
1.9664177894592285 25.63 30000
1.96956467628479 25.63 30000
1.97243070602417 25.63 30000
1.9764888286590576 25.65 30000
1.9794213771820068 25.65 30000
1.983372688293457 25.65 30000
1.9863646030426025 25.65 30000
1.9883594512939453 25.65 30000
1.9924914836883545 25.65 30000
1.9954423904418945 25.65 30000
1.998605489730835 25.67 30000
2.0013234615325928 25.67 30000
2.0053133964538574 25.67 30000
2.011336088180542 25.67 30000
2.014293909072876 25.67 30000
2.0173184871673584 25.69 30000
2.0232667922973633 25.69 30000
2.026301383972168 25.69 30000
2.0294950008392334 25.69 30000
2.0332467555999756 25.69 30000
2.0362308025360107 25.69 30000
2.040220022201538 25.72 30000
2.0432205200195312 25.72 30000
2.046208620071411 25.72 30000
2.050194501876831 25.72 30000
2.054182767868042 25.72 30000
2.0572869777679443 25.74 30000
2.0611650943756104 25.74 30000
2.0641558170318604 25.74 30000
2.0711402893066406 25.74 30000
2.0751278400421143 25.74 30000
2.0781233310699463 25.76 30000
2.082108497619629 25.76 30000
2.0860986709594727 25.76 30000
2.0911271572113037 25.76 30000
2.0941147804260254 25.76 30000
2.0971081256866455 25.79 30000
2.101058006286621 25.79 30000
2.1040494441986084 25.79 30000
2.107041835784912 25.79 30000
2.1100339889526367 25.79 30000
2.1130874156951904 25.79 30000
2.1170578002929688 25.81 30000
2.1200449466705322 25.81 30000
2.1230006217956543 25.81 30000
2.1259899139404297 25.81 30000
2.129978895187378 25.81 30000
2.1330344676971436 25.81 30000
2.1369640827178955 25.84 30000
2.1409499645233154 25.84 30000
2.144010305404663 25.84 30000
2.147932529449463 25.84 30000
2.1509246826171875 25.84 30000
2.1539158821105957 25.84 30000
2.1569085121154785 25.87 30000
2.160963773727417 25.87 30000
2.163889169692993 25.87 30000
2.1668860912323 25.87 30000
2.1698741912841797 25.87 30000
2.17301869392395 25.87 30000
2.177440881729126 25.9 30000
2.1805460453033447 25.9 30000
2.1834988594055176 25.9 30000
2.186483860015869 25.9 30000
2.1894681453704834 25.9 30000
2.194448947906494 25.93 30000
2.1975808143615723 25.93 30000
2.200760841369629 25.93 30000
2.2034761905670166 25.93 30000
2.209602117538452 25.93 30000
2.2127702236175537 25.93 30000
2.2155301570892334 25.96 30000
2.21842360496521 25.96 30000
2.2213802337646484 25.96 30000
2.225492238998413 25.96 30000
2.2285099029541016 25.96 30000
2.231447219848633 25.96 30000
2.234342336654663 25.99 30000
2.237332344055176 25.99 30000
2.2425479888916016 25.99 30000
2.245513677597046 25.99 30000
2.249300718307495 25.99 30000
2.2513394355773926 25.99 30000
2.2573204040527344 26.02 30000
2.2602715492248535 26.02 30000
2.2622649669647217 26.02 30000
2.266256093978882 26.02 30000
2.2682878971099854 26.02 30000
2.2742679119110107 26.05 30000
2.279221534729004 26.05 30000
2.282217025756836 26.05 30000
2.2852115631103516 26.05 30000
2.2881953716278076 26.05 30000
2.2921876907348633 26.05 30000
2.2944483757019043 26.09 30000
2.2982215881347656 26.09 30000
2.3011608123779297 26.09 30000
2.3061511516571045 26.09 30000
2.309295177459717 26.09 30000
2.312218189239502 26.09 30000
2.3151333332061768 26.12 30000
2.319112777709961 26.12 30000
2.322105884552002 26.12 30000
2.325096607208252 26.12 30000
2.3281285762786865 26.12 30000
2.3310818672180176 26.12 30000
2.3350701332092285 26.16 30000
2.338063955307007 26.16 30000
2.341054677963257 26.16 30000
2.3440463542938232 26.16 30000
2.3470382690429688 26.16 30000
2.3510990142822266 26.16 30000
2.3540194034576416 26.19 30000
2.3570144176483154 26.19 30000
2.360004425048828 26.19 30000
2.36299729347229 26.19 30000
2.367985725402832 26.19 30000
2.3719778060913086 26.19 30000
2.374969005584717 26.23 30000
2.377957582473755 26.23 30000
2.3839783668518066 26.23 30000
2.3870341777801514 26.23 30000
2.3899240493774414 26.23 30000
2.3929202556610107 26.27 30000
2.399062395095825 26.27 30000
2.402036666870117 26.27 30000
2.4050259590148926 26.27 30000
2.4080584049224854 26.27 30000
2.413001298904419 26.31 30000
2.415994167327881 26.31 30000
2.4189867973327637 26.31 30000
2.422063112258911 26.31 30000
2.424973249435425 26.31 30000
2.4289610385894775 26.31 30000
2.431950807571411 26.35 30000
2.4349427223205566 26.35 30000
2.437934160232544 26.35 30000
2.440927028656006 26.35 30000
2.4449172019958496 26.35 30000
2.447908401489258 26.35 30000
2.4509024620056152 26.4 30000
2.453892469406128 26.4 30000
2.456939220428467 26.4 30000
2.4608731269836426 26.4 30000
2.4648642539978027 26.4 30000
2.467909812927246 26.4 30000
2.4708468914031982 26.44 30000
2.473839282989502 26.44 30000
2.477907180786133 26.44 30000
2.4808197021484375 26.44 30000
2.483957529067993 26.44 30000
2.486804246902466 26.44 30000
2.4897964000701904 26.49 30000
2.4947829246520996 26.49 30000
2.4997715950012207 26.49 30000
2.502762794494629 26.49 30000
2.505753517150879 26.49 30000
2.510742425918579 26.54 30000
2.5137314796447754 26.54 30000
2.5167319774627686 26.54 30000
2.5197160243988037 26.54 30000
2.523709297180176 26.54 30000
2.5276970863342285 26.54 30000
2.5306899547576904 26.58 30000
2.5336802005767822 26.58 30000
2.536679744720459 26.58 30000
2.5397467613220215 26.58 30000
2.542656898498535 26.58 30000
2.5456480979919434 26.58 30000
2.548679828643799 26.64 30000
2.55163311958313 26.64 30000
2.5556206703186035 26.64 30000
2.5586111545562744 26.64 30000
2.562603712081909 26.64 30000
2.5646016597747803 26.64 30000
2.5675888061523438 26.69 30000
2.5706818103790283 26.69 30000
2.5735723972320557 26.69 30000
2.576563835144043 26.69 30000
2.5796031951904297 26.69 30000
2.5825541019439697 26.69 30000
2.5865371227264404 26.74 30000
2.591588258743286 26.74 30000
2.5945169925689697 26.74 30000
2.5975229740142822 26.74 30000
2.6025772094726562 26.74 30000
2.605517864227295 26.74 30000
2.608588933944702 26.8 30000
2.6114726066589355 26.8 30000
2.614589214324951 26.8 30000
2.618706464767456 26.8 30000
2.6214470863342285 26.8 30000
2.624479293823242 26.8 30000
2.627485752105713 26.86 30000
2.6304662227630615 26.86 30000
2.6344385147094727 26.86 30000
2.637460231781006 26.86 30000
2.6410210132598877 26.86 30000
2.643622875213623 26.86 30000
2.64644193649292 26.92 30000
2.651618242263794 26.92 30000
2.6545372009277344 26.92 30000
2.6577022075653076 26.92 30000
2.6604623794555664 26.92 30000
2.6633810997009277 26.92 30000
2.668318510055542 26.98 30000
2.670315742492676 26.98 30000
2.673306703567505 26.98 30000
2.676464796066284 26.98 30000
2.679335117340088 26.98 30000
2.6832780838012695 26.98 30000
2.685403823852539 27.04 30000
2.6893701553344727 27.04 30000
2.6932525634765625 27.04 30000
2.6974434852600098 27.04 30000
2.701231002807617 27.04 30000
2.703315019607544 27.04 30000
2.7065534591674805 27.1 30000
2.7102067470550537 27.1 30000
2.715195894241333 27.1 30000
2.7181856632232666 27.1 30000
2.7211766242980957 27.1 30000
2.724169969558716 27.1 30000
2.727163791656494 27.17 30000
2.730154037475586 27.17 30000
2.733351230621338 27.17 30000
2.735442876815796 27.17 30000
2.739128589630127 27.17 30000
2.742124080657959 27.17 30000
2.74615478515625 27.23 30000
2.7491018772125244 27.23 30000
2.7520999908447266 27.23 30000
2.7551310062408447 27.23 30000
2.7580783367156982 27.23 30000
2.7620692253112793 27.23 30000
2.76505970954895 27.3 30000
2.768052339553833 27.3 30000
2.7710437774658203 27.3 30000
2.774035692214966 27.3 30000
2.779022455215454 27.3 30000
2.7820184230804443 27.3 30000
2.7850067615509033 27.38 30000
2.7880606651306152 27.38 30000
2.7929847240448 27.38 30000
2.795978546142578 27.38 30000
2.7990081310272217 27.38 30000
2.802000045776367 27.38 30000
2.804990530014038 27.45 30000
2.809940814971924 27.45 30000
2.812932014465332 27.45 30000
2.815925121307373 27.45 30000
2.8189165592193604 27.45 30000
2.8219077587127686 27.45 30000
2.8268938064575195 27.52 30000
2.8300135135650635 27.52 30000
2.832880973815918 27.52 30000
2.8359200954437256 27.52 30000
2.8388617038726807 27.52 30000
2.8428964614868164 27.52 30000
2.845884084701538 27.6 30000
2.8489131927490234 27.6 30000
2.85183048248291 27.6 30000
2.8548223972320557 27.6 30000
2.858103036880493 27.6 30000
2.8618080615997314 27.6 30000
2.864795684814453 27.68 30000
2.867783546447754 27.68 30000
2.8708176612854004 27.68 30000
2.8737692832946777 27.68 30000
2.8767621517181396 27.68 30000
2.879753351211548 27.68 30000
2.8827459812164307 27.76 30000
2.8857386112213135 27.76 30000
2.8907244205474854 27.76 30000
2.8937153816223145 27.76 30000
2.8967480659484863 27.76 30000
2.8997182846069336 27.76 30000
2.9046878814697266 27.84 30000
2.9086761474609375 27.84 30000
2.9116673469543457 27.84 30000
2.9148662090301514 27.84 30000
2.9176812171936035 27.84 30000
2.9216411113739014 27.93 30000
2.924633502960205 27.93 30000
2.9276249408721924 27.93 30000
2.930617570877075 27.93 30000
2.933614730834961 27.93 30000
2.9376511573791504 27.93 30000
2.94059157371521 27.93 30000
2.9435830116271973 28.02 30000
2.94657564163208 28.02 30000
2.9495668411254883 28.02 30000
2.9536292552948 28.02 30000
2.9565985202789307 28.02 30000
2.9595565795898438 28.02 30000
2.9625303745269775 28.11 30000
2.967520236968994 28.11 30000
2.970510721206665 28.11 30000
2.973604917526245 28.11 30000
2.976522207260132 28.11 30000
2.9795563220977783 28.11 30000
2.9845130443573 28.2 30000
2.9875059127807617 28.2 30000
2.9904584884643555 28.2 30000
2.994588851928711 28.2 30000
2.9985508918762207 28.2 30000
3.0024266242980957 28.29 30000
3.004638671875 28.29 30000
3.0075879096984863 28.29 30000
3.0104031562805176 28.29 30000
3.0153920650482178 28.29 30000
3.01945424079895 28.29 30000
3.022406578063965 28.38 30000
3.0253677368164062 28.38 30000
3.02935528755188 28.38 30000
3.035337448120117 28.38 30000
3.038330554962158 28.38 30000
3.0403239727020264 28.48 30000
3.044589042663574 28.48 30000
3.0483028888702393 28.48 30000
3.0514602661132812 28.48 30000
3.054448366165161 28.48 30000
3.0582780838012695 28.48 30000
3.060270309448242 28.57 30000
3.0642614364624023 28.57 30000
3.066253900527954 28.57 30000
3.070244550704956 28.57 30000
3.072237730026245 28.57 30000
3.0774240493774414 28.57 30000
3.0812196731567383 28.67 30000
3.0842087268829346 28.67 30000
3.0872349739074707 28.67 30000
3.0901927947998047 28.67 30000
3.094182014465332 28.67 30000
3.0971739292144775 28.67 30000
3.100166082382202 28.78 30000
3.1031579971313477 28.78 30000
3.1051511764526367 28.78 30000
3.110137462615967 28.78 30000
3.112375020980835 28.78 30000
3.1161208152770996 28.78 30000
3.119152069091797 28.78 30000
3.1221060752868652 28.88 30000
3.12711763381958 28.88 30000
3.1300830841064453 28.88 30000
3.133075475692749 28.88 30000
3.136070728302002 28.88 30000
3.1410892009735107 28.98 30000
3.144052743911743 28.98 30000
3.1470377445220947 28.98 30000
3.1500308513641357 28.98 30000
3.153066873550415 28.98 30000
3.1570117473602295 28.98 30000
3.1600027084350586 29.08 30000
3.1629953384399414 29.08 30000
3.165987014770508 29.08 30000
3.1689796447753906 29.08 30000
3.173966407775879 29.08 30000
3.176959276199341 29.08 30000
3.179952621459961 29.19 30000
3.182981491088867 29.19 30000
3.18593430519104 29.19 30000
3.189063787460327 29.19 30000
3.19191837310791 29.19 30000
3.1949543952941895 29.19 30000
3.197911024093628 29.19 30000
3.202986717224121 29.29 30000
3.205976724624634 29.29 30000
3.2089731693267822 29.29 30000
3.211991310119629 29.29 30000
3.2149534225463867 29.29 30000
3.219942331314087 29.4 30000
3.222935438156128 29.4 30000
3.225928783416748 29.4 30000
3.228919744491577 29.4 30000
3.23295259475708 29.4 30000
3.2368991374969482 29.4 30000
3.239889621734619 29.51 30000
3.242915630340576 29.51 30000
3.2458724975585938 29.51 30000
3.2498631477355957 29.51 30000
3.2528557777404785 29.51 30000
3.255885124206543 29.51 30000
3.258838415145874 29.63 30000
3.2618603706359863 29.63 30000
3.265902280807495 29.63 30000
3.2688353061676025 29.63 30000
3.271801471710205 29.63 30000
3.2747936248779297 29.63 30000
3.277787923812866 29.74 30000
3.2807788848876953 29.74 30000
3.2837719917297363 29.74 30000
3.28676176071167 29.74 30000
3.289757013320923 29.74 30000
3.292743682861328 29.74 30000
3.2987310886383057 29.85 30000
3.301722288131714 29.85 30000
3.304713249206543 29.85 30000
3.3077025413513184 29.85 30000
3.3107011318206787 29.85 30000
3.3136911392211914 29.85 30000
3.3166849613189697 29.85 30000
3.3196699619293213 29.97 30000
3.3226709365844727 29.97 30000
3.3266546726226807 29.97 30000
3.3296444416046143 29.97 30000
3.332638740539551 29.97 30000
3.3356831073760986 29.97 30000
3.3386213779449463 30.09 30000
3.34264874458313 30.09 30000
3.3456053733825684 30.09 30000
3.348599433898926 30.09 30000
3.350628137588501 30.09 30000
3.3535830974578857 30.09 30000
3.3576645851135254 30.2 30000
3.3608009815216064 30.2 30000
3.363675355911255 30.2 30000
3.3667120933532715 30.2 30000
3.3695430755615234 30.2 30000
3.372532606124878 30.2 30000
3.37569522857666 30.2 30000
3.378516674041748 30.33 30000
3.38171124458313 30.33 30000
3.3846230506896973 30.33 30000
3.389979362487793 30.33 30000
3.3929715156555176 30.33 30000
3.3959639072418213 30.33 30000
3.398953676223755 30.45 30000
3.401947021484375 30.45 30000
3.4079935550689697 30.45 30000
3.4109199047088623 30.45 30000
3.4139480590820312 30.45 30000
3.416905164718628 30.57 30000
3.420896291732788 30.57 30000
3.4238839149475098 30.57 30000
3.426881790161133 30.57 30000
3.429873466491699 30.57 30000
3.43285870552063 30.57 30000
3.4369239807128906 30.7 30000
3.439840078353882 30.7 30000
3.4428343772888184 30.7 30000
3.4458303451538086 30.7 30000
3.448821783065796 30.7 30000
3.4521212577819824 30.7 30000
3.454803466796875 30.7 30000
3.457794427871704 30.82 30000
3.460789442062378 30.82 30000
3.463782548904419 30.82 30000
3.4697604179382324 30.82 30000
3.470757484436035 30.82 30000
3.473749876022339 30.82 30000
3.4754064083099365 30.95 30000
3.4768025875091553 30.95 30000
3.480729818344116 30.95 30000
3.481726884841919 30.95 30000
3.4837229251861572 30.95 30000
3.486337184906006 30.95 30000
3.4881083965301514 30.95 30000
3.4902360439300537 30.95 30000
3.492107391357422 30.95 30000
3.49369740486145 30.95 30000
3.495689630508423 31.08 30000
3.498260259628296 31.08 30000
3.4996957778930664 31.08 30000
3.5019686222076416 31.08 30000
3.503704071044922 31.08 30000
3.5066611766815186 31.08 30000
3.5086538791656494 31.08 30000
3.511646032333374 31.08 30000
3.5136423110961914 31.08 30000
3.5156373977661133 31.21 30000
3.517631769180298 31.21 30000
3.5196263790130615 31.21 30000
3.5216214656829834 31.21 30000
3.522841215133667 31.21 30000
3.5256102085113525 31.21 30000
3.5276362895965576 31.21 30000
3.530237913131714 31.21 30000
3.5322537422180176 31.21 30000
3.5342330932617188 31.34 30000
3.5365803241729736 31.34 30000
3.538231611251831 31.34 30000
3.5395781993865967 31.34 30000
3.5421957969665527 31.34 30000
3.5445590019226074 31.34 30000
3.5465548038482666 31.34 30000
3.5485482215881348 31.34 30000
3.5505430698394775 31.34 30000
3.552537679672241 31.34 30000
3.554532289505005 31.47 30000
3.555534601211548 31.47 30000
3.558520555496216 31.47 30000
3.560516595840454 31.47 30000
3.5625109672546387 31.47 30000
3.5645055770874023 31.47 30000
3.566500425338745 31.47 30000
3.5684947967529297 31.47 30000
3.5704898834228516 31.47 30000
3.5715012550354004 31.47 30000
3.574479341506958 31.61 30000
3.57647442817688 31.61 30000
3.5784690380096436 31.61 30000
3.5804636478424072 31.61 30000
3.582458019256592 31.61 30000
3.5844523906707764 31.61 30000
3.586446762084961 31.61 30000
3.5894389152526855 31.61 30000
3.5915091037750244 31.61 30000
3.5934526920318604 31.74 30000
3.5954232215881348 31.74 30000
3.5974175930023193 31.74 30000
3.599411964416504 31.74 30000
3.6014058589935303 31.74 30000
3.604398488998413 31.74 30000
3.606395959854126 31.74 30000
3.6083884239196777 31.74 30000
3.6103830337524414 31.74 30000
3.612377643585205 31.74 30000
3.614374876022339 31.88 30000
3.6163668632507324 31.88 30000
3.6194238662719727 31.88 30000
3.6213533878326416 31.88 30000
3.623365640640259 31.88 30000
3.62536358833313 31.88 30000
3.62733793258667 31.88 30000
3.6293325424194336 31.88 30000
3.6313414573669434 31.88 30000
3.6335771083831787 32.01 30000
3.6353161334991455 32.01 30000
3.6373279094696045 32.01 30000
3.6393258571624756 32.01 30000
3.6413187980651855 32.01 30000
3.643294334411621 32.01 30000
3.6453804969787598 32.01 30000
3.6473302841186523 32.01 30000
3.6492807865142822 32.01 30000
3.6513171195983887 32.01 30000
3.6533069610595703 32.15 30000
3.6552629470825195 32.15 30000
3.6572909355163574 32.15 30000
3.659322500228882 32.15 30000
3.661355972290039 32.15 30000
3.6634199619293213 32.15 30000
3.6662890911102295 32.15 30000
3.668269395828247 32.15 30000
3.6703097820281982 32.15 30000
3.6723737716674805 32.29 30000
3.6743619441986084 32.29 30000
3.676365375518799 32.29 30000
3.6783218383789062 32.29 30000
3.680375337600708 32.29 30000
3.68233060836792 32.29 30000
3.684295892715454 32.29 30000
3.6863083839416504 32.29 30000
3.6884002685546875 32.29 30000
3.6901700496673584 32.29 30000
3.692282199859619 32.43 30000
3.694288492202759 32.43 30000
3.6962478160858154 32.43 30000
3.698147773742676 32.43 30000
3.700235605239868 32.43 30000
3.7021732330322266 32.43 30000
3.704258680343628 32.43 30000
3.7061655521392822 32.43 30000
3.708340883255005 32.43 30000
3.710169792175293 32.57 30000
3.712144613265991 32.57 30000
3.714146375656128 32.57 30000
3.7161405086517334 32.57 30000
3.7181408405303955 32.57 30000
3.7202725410461426 32.57 30000
3.7223105430603027 32.57 30000
3.724111795425415 32.57 30000
3.726351022720337 32.57 30000
3.7293500900268555 32.57 30000
3.7310636043548584 32.71 30000
3.733349084854126 32.71 30000
3.7353529930114746 32.71 30000
3.7373924255371094 32.71 30000
3.7390809059143066 32.71 30000
3.741201877593994 32.71 30000
3.743224620819092 32.71 30000
3.745363235473633 32.71 30000
3.747283697128296 32.71 30000
3.749096155166626 32.71 30000
3.751326322555542 32.85 30000
3.7531611919403076 32.85 30000
3.7551493644714355 32.85 30000
3.757258892059326 32.85 30000
3.759983539581299 32.85 30000
3.762173891067505 32.85 30000
3.763972282409668 32.85 30000
3.766104221343994 32.85 30000
3.7681000232696533 32.85 30000
3.770089626312256 33.0 30000
3.7721002101898193 33.0 30000
3.7739462852478027 33.0 30000
3.7759406566619873 33.0 30000
3.7780847549438477 33.0 30000
3.780090570449829 33.0 30000
3.782090425491333 33.0 30000
3.7840867042541504 33.0 30000
3.7860777378082275 33.0 30000
3.788078784942627 33.0 30000
3.7911415100097656 33.14 30000
3.7928953170776367 33.14 30000
3.7951745986938477 33.14 30000
3.79738187789917 33.14 30000
3.7993552684783936 33.14 30000
3.801093101501465 33.14 30000
3.803349494934082 33.14 30000
3.805907726287842 33.14 30000
3.8083584308624268 33.14 30000
3.8098762035369873 33.29 30000
3.81184458732605 33.29 30000
3.8141157627105713 33.29 30000
3.8158669471740723 33.29 30000
3.8178532123565674 33.29 30000
3.819822311401367 33.29 30000
3.8231709003448486 33.29 30000
3.8253848552703857 33.29 30000
3.82732892036438 33.29 30000
3.828799247741699 33.43 30000
3.8311500549316406 33.43 30000
3.8332977294921875 33.43 30000
3.8347818851470947 33.43 30000
3.8382837772369385 33.43 30000
3.8397696018218994 33.43 30000
3.842332363128662 33.43 30000
3.8441014289855957 33.43 30000
3.8462860584259033 33.43 30000
3.848104476928711 33.58 30000
3.849742889404297 33.58 30000
3.8527350425720215 33.58 30000
3.8553407192230225 33.58 30000
3.856724262237549 33.58 30000
3.8594188690185547 33.58 30000
3.861356496810913 33.58 30000
3.863335609436035 33.58 30000
3.865241050720215 33.58 30000
3.867119312286377 33.58 30000
3.8690860271453857 33.73 30000
3.870687246322632 33.73 30000
3.873237371444702 33.73 30000
3.8752641677856445 33.73 30000
3.8770883083343506 33.73 30000
3.8796627521514893 33.73 30000
3.8812856674194336 33.73 30000
3.884650707244873 33.73 30000
3.8866453170776367 33.73 30000
3.8886396884918213 33.87 30000
3.890634775161743 33.87 30000
3.8926281929016113 33.87 30000
3.8941051959991455 33.87 30000
3.8966176509857178 33.87 30000
3.899115562438965 33.87 30000
3.902601718902588 33.87 30000
3.9045968055725098 33.87 30000
3.9065909385681152 33.87 30000
3.9085867404937744 34.03 30000
3.9105803966522217 34.03 30000
3.9125754833221436 34.03 30000
3.9155657291412354 34.03 30000
3.9165656566619873 34.03 30000
3.9195895195007324 34.03 30000
3.9215900897979736 34.03 30000
3.9235448837280273 34.03 30000
3.925541639328003 34.03 30000
3.927534580230713 34.18 30000
3.931525230407715 34.18 30000
3.9335198402404785 34.18 30000
3.9355149269104004 34.18 30000
3.937509059906006 34.18 30000
3.939504861831665 34.18 30000
3.9415476322174072 34.18 30000
3.943491220474243 34.18 30000
3.946483850479126 34.18 30000
3.9484786987304688 34.33 30000
3.9504735469818115 34.33 30000
3.952468156814575 34.33 30000
3.9544637203216553 34.33 30000
3.9564590454101562 34.33 30000
3.958479404449463 34.33 30000
3.961446523666382 34.33 30000
3.9645614624023438 34.33 30000
3.966430902481079 34.33 30000
3.968425750732422 34.48 30000
3.9704201221466064 34.48 30000
3.972414970397949 34.48 30000
3.974410057067871 34.48 30000
3.977400302886963 34.48 30000
3.9804046154022217 34.48 30000
3.9824728965759277 34.48 30000
3.984386444091797 34.48 30000
3.986377716064453 34.48 30000
3.9883992671966553 34.64 30000
3.9903669357299805 34.64 30000
3.993359088897705 34.64 30000
3.9953534603118896 34.64 30000
3.997359275817871 34.64 30000
3.9993436336517334 34.64 30000
4.001454830169678 34.64 30000
4.003432750701904 34.64 30000
4.005480051040649 34.64 30000
4.007322072982788 34.8 30000
4.01036262512207 34.8 30000
4.012465476989746 34.8 30000
4.014570236206055 34.8 30000
4.016395092010498 34.8 30000
4.018387794494629 34.8 30000
4.020387411117554 34.8 30000
4.022281885147095 34.8 30000
4.025274038314819 34.8 30000
4.0272862911224365 34.95 30000
4.029364347457886 34.95 30000
4.031491756439209 34.95 30000
4.033270597457886 34.95 30000
4.035315275192261 34.95 30000
4.037412166595459 34.95 30000
4.040455102920532 34.95 30000
4.042325973510742 34.95 30000
4.0443689823150635 34.95 30000
4.0463666915893555 35.1 30000
4.048471927642822 35.1 30000
4.050397634506226 35.1 30000
4.052452564239502 35.1 30000
4.054412603378296 35.1 30000
4.056216716766357 35.1 30000
4.058377742767334 35.1 30000
4.06039834022522 35.1 30000
4.06238317489624 35.1 30000
4.06446099281311 35.1 30000
4.066401958465576 35.26 30000
4.0682923793792725 35.26 30000
4.070152759552002 35.26 30000
4.073144435882568 35.26 30000
4.075141191482544 35.26 30000
4.077334403991699 35.26 30000
4.079339981079102 35.26 30000
4.081372022628784 35.26 30000
4.083331823348999 35.26 30000
4.085114002227783 35.41 30000
4.088371276855469 35.41 30000
4.090100288391113 35.41 30000
4.092373371124268 35.41 30000
4.094275951385498 35.41 30000
4.096232891082764 35.41 30000
4.098315954208374 35.41 30000
4.100358963012695 35.41 30000
4.103336572647095 35.41 30000
4.1053876876831055 35.57 30000
4.107293128967285 35.57 30000
4.109049558639526 35.57 30000
4.111279487609863 35.57 30000
4.11344575881958 35.57 30000
4.115219354629517 35.57 30000
4.11702823638916 35.57 30000
4.120349884033203 35.57 30000
4.1223554611206055 35.57 30000
4.124306678771973 35.72 30000
4.126286268234253 35.72 30000
4.128242492675781 35.72 30000
4.130250453948975 35.72 30000
4.131993293762207 35.72 30000
4.1339826583862305 35.72 30000
4.136101245880127 35.72 30000
4.13812780380249 35.72 30000
4.140100479125977 35.72 30000
4.142141819000244 35.72 30000
4.143955707550049 35.87 30000
4.1462624073028564 35.87 30000
4.148069620132446 35.87 30000
4.15136194229126 35.87 30000
4.153130769729614 35.87 30000
4.155132293701172 35.87 30000
4.15697169303894 35.87 30000
4.158975124359131 35.87 30000
4.161395788192749 35.87 30000
4.163105487823486 35.87 30000
4.166229963302612 36.03 30000
4.167892932891846 36.03 30000
4.170409917831421 36.03 30000
4.172880172729492 36.03 30000
4.17390251159668 36.03 30000
4.175897598266602 36.03 30000
4.178438425064087 36.03 30000
4.181372880935669 36.03 30000
4.183509111404419 36.03 30000
4.187291622161865 36.18 30000
4.189061164855957 36.18 30000
4.191079378128052 36.18 30000
4.1930766105651855 36.18 30000
4.194819927215576 36.18 30000
4.196868658065796 36.18 30000
4.19888973236084 36.18 30000
4.201336860656738 36.18 30000
4.203334093093872 36.34 30000
4.205432176589966 36.34 30000
4.206788539886475 36.34 30000
4.209319353103638 36.34 30000
4.213367223739624 36.34 30000
4.2148003578186035 36.34 30000
4.217761993408203 36.34 30000
4.218760967254639 36.34 30000
4.2217490673065186 36.34 30000
4.223369121551514 36.5 30000
4.2247703075408936 36.5 30000
4.228729724884033 36.5 30000
4.230724334716797 36.5 30000
4.23271918296814 36.5 30000
4.233715772628784 36.5 30000
4.236382007598877 36.5 30000
4.2384161949157715 36.5 30000
4.239700078964233 36.5 30000
4.241694211959839 36.5 30000
4.2446863651275635 36.65 30000
4.246275186538696 36.65 30000
4.248138666152954 36.65 30000
4.250297784805298 36.65 30000
4.252665758132935 36.65 30000
4.2536633014678955 36.65 30000
4.256654739379883 36.65 30000
4.259236574172974 36.65 30000
4.260643482208252 36.65 30000
4.263636350631714 36.81 30000
4.265630722045898 36.81 30000
4.26762580871582 36.81 30000
4.269620180130005 36.81 30000
4.271615266799927 36.81 30000
4.275604009628296 36.81 30000
4.276856899261475 36.81 30000
4.278788328170776 36.81 30000
4.281588554382324 36.81 30000
4.28358268737793 36.97 30000
4.2855775356292725 36.97 30000
4.28757381439209 36.97 30000
4.290564298629761 36.97 30000
4.292559623718262 36.97 30000
4.294553279876709 36.97 30000
4.296548128128052 36.97 30000
4.2985429763793945 36.97 30000
4.300537347793579 36.97 30000
4.302531719207764 36.97 30000
4.305554389953613 37.12 30000
4.308522701263428 37.12 30000
4.311591863632202 37.12 30000
4.314501762390137 37.12 30000
4.3176209926605225 37.12 30000
4.322480201721191 37.28 30000
4.325497388839722 37.28 30000
4.328786849975586 37.28 30000
4.33153223991394 37.28 30000
4.3345770835876465 37.28 30000
4.339464426040649 37.28 30000
4.342506647109985 37.44 30000
4.345470190048218 37.44 30000
4.348510503768921 37.44 30000
4.35153603553772 37.44 30000
4.355991840362549 37.44 30000
4.358659267425537 37.44 30000
4.361587285995483 37.6 30000
4.364636182785034 37.6 30000
4.367501735687256 37.6 30000
4.370412588119507 37.6 30000
4.37355637550354 37.6 30000
4.376402378082275 37.6 30000
4.380363941192627 37.6 30000
4.382448434829712 37.76 30000
4.387310028076172 37.76 30000
4.389339447021484 37.76 30000
4.3922953605651855 37.76 30000
4.3953857421875 37.76 30000
4.398465394973755 37.76 30000
4.403268575668335 37.92 30000
4.40526556968689 37.92 30000
4.4083826541900635 37.92 30000
4.411738157272339 37.92 30000
4.4145238399505615 37.92 30000
4.419262170791626 37.92 30000
4.421654224395752 38.08 30000
4.424212217330933 38.08 30000
4.4282004833221436 38.08 30000
4.430192708969116 38.08 30000
4.434185266494751 38.08 30000
4.436177968978882 38.08 30000
4.440168857574463 38.08 30000
4.443159818649292 38.24 30000
4.446155548095703 38.24 30000
4.451141595840454 38.24 30000
4.45413064956665 38.24 30000
4.457154750823975 38.24 30000
4.460115671157837 38.24 30000
4.463110685348511 38.4 30000
4.468185663223267 38.4 30000
4.471088409423828 38.4 30000
4.474081754684448 38.4 30000
4.4770729541778564 38.4 30000
4.482053279876709 38.4 30000
4.4850451946258545 38.56 30000
4.488041162490845 38.56 30000
4.491035461425781 38.56 30000
4.494027376174927 38.56 30000
4.498016119003296 38.56 30000
4.5010082721710205 38.72 30000
4.504000186920166 38.72 30000
4.50699257850647 38.72 30000
4.50998330116272 38.72 30000
4.513973712921143 38.72 30000
4.516965866088867 38.72 30000
4.519957542419434 38.72 30000
4.522949934005737 38.88 30000
4.525938034057617 38.88 30000
4.529963493347168 38.88 30000
4.532923221588135 38.88 30000
4.535914897918701 38.88 30000
4.538906574249268 38.88 30000
4.541899919509888 39.05 30000
4.544894695281982 39.05 30000
4.549876928329468 39.05 30000
4.552868127822876 39.05 30000
4.555861234664917 39.05 30000
4.558850288391113 39.05 30000
4.562252759933472 39.21 30000
4.564838409423828 39.21 30000
4.567829132080078 39.21 30000
4.570935010910034 39.21 30000
4.5738139152526855 39.21 30000
4.5768022537231445 39.21 30000
4.579819202423096 39.37 30000
4.582796573638916 39.37 30000
4.585778713226318 39.37 30000
4.588771820068359 39.37 30000
4.593760013580322 39.37 30000
4.596750736236572 39.37 30000
4.59974217414856 39.53 30000
4.6027326583862305 39.53 30000
4.605726718902588 39.53 30000
4.608716726303101 39.53 30000
4.611711025238037 39.53 30000
4.614699840545654 39.53 30000
4.6176917552948 39.53 30000
4.620681524276733 39.69 30000
4.624674320220947 39.69 30000
4.627665996551514 39.69 30000
4.630735158920288 39.69 30000
4.633712530136108 39.69 30000
4.636640548706055 39.69 30000
4.6416285037994385 39.86 30000
4.644625186920166 39.86 30000
4.647614002227783 39.86 30000
4.650916337966919 39.86 30000
4.654752254486084 39.86 30000
4.657910346984863 39.86 30000
4.660581588745117 40.02 30000
4.663610219955444 40.02 30000
4.6667327880859375 40.02 30000
4.671549558639526 40.02 30000
4.674824953079224 40.02 30000
4.677757740020752 40.02 30000
4.680626392364502 40.18 30000
4.683533191680908 40.18 30000
4.687590837478638 40.18 30000
4.690500497817993 40.18 30000
4.693572044372559 40.18 30000
4.69648551940918 40.18 30000
4.699546575546265 40.35 30000
4.702654123306274 40.35 30000
4.7054970264434814 40.35 30000
4.708648443222046 40.35 30000
4.711618900299072 40.35 30000
4.714557647705078 40.35 30000
4.719422101974487 40.51 30000
4.721507787704468 40.51 30000
4.724523305892944 40.51 30000
4.727624893188477 40.51 30000
4.730640888214111 40.51 30000
4.735378980636597 40.51 30000
4.737375259399414 40.68 30000
4.7403645515441895 40.68 30000
4.743649959564209 40.68 30000
4.746351480484009 40.68 30000
4.751337766647339 40.68 30000
4.754334211349487 40.68 30000
4.756357431411743 40.68 30000
4.7595460414886475 40.84 30000
4.76233696937561 40.84 30000
4.766298532485962 40.84 30000
4.768515348434448 40.84 30000
4.771503686904907 40.84 30000
4.77527642250061 40.84 30000
4.778265476226807 41.01 30000
4.78225302696228 41.01 30000
4.785281419754028 41.01 30000
4.7873523235321045 41.01 30000
4.791229963302612 41.01 30000
4.794224500656128 41.01 30000
4.798210859298706 41.17 30000
4.801207065582275 41.17 30000
4.804192304611206 41.17 30000
4.806528806686401 41.17 30000
4.81017541885376 41.17 30000
4.814171075820923 41.17 30000
4.817159414291382 41.33 30000
4.82015585899353 41.33 30000
4.8231446743011475 41.33 30000
4.826234579086304 41.33 30000
4.830125570297241 41.33 30000
4.83312201499939 41.33 30000
4.836110591888428 41.33 30000
4.8391008377075195 41.5 30000
4.842178821563721 41.5 30000
4.845464706420898 41.5 30000
4.847203254699707 41.5 30000
4.849071025848389 41.5 30000
4.851436376571655 41.5 30000
4.853459358215332 41.5 30000
4.85531210899353 41.67 30000
4.857057571411133 41.67 30000
4.860408544540405 41.67 30000
4.862069845199585 41.67 30000
4.864196300506592 41.67 30000
4.866288900375366 41.67 30000
4.868348121643066 41.67 30000
4.870136022567749 41.67 30000
4.872152805328369 41.67 30000
4.874004364013672 41.84 30000
4.876002550125122 41.84 30000
4.878385066986084 41.84 30000
4.879988193511963 41.84 30000
4.882147312164307 41.84 30000
4.884295463562012 41.84 30000
4.8861308097839355 41.84 30000
4.8881309032440186 41.84 30000
4.890272378921509 41.84 30000
4.8921332359313965 41.84 30000
4.894129037857056 42.01 30000
4.896130323410034 42.01 30000
4.897942781448364 42.01 30000
4.9004106521606445 42.01 30000
4.902131795883179 42.01 30000
4.904131889343262 42.01 30000
4.90691614151001 42.01 30000
4.908910751342773 42.01 30000
4.910905838012695 42.01 30000
4.91313362121582 42.17 30000
4.915182828903198 42.17 30000
4.917134046554565 42.17 30000
4.919983148574829 42.17 30000
4.9232177734375 42.17 30000
4.924870252609253 42.17 30000
4.926863431930542 42.17 30000
4.929221153259277 42.17 30000
4.930852651596069 42.17 30000
4.932847261428833 42.34 30000
4.934855222702026 42.34 30000
4.936836004257202 42.34 30000
4.938831567764282 42.34 30000
4.941329717636108 42.34 30000
4.94294548034668 42.34 30000
4.945277452468872 42.34 30000
4.947163820266724 42.34 30000
4.949304103851318 42.34 30000
4.950798749923706 42.34 30000
4.953166723251343 42.5 30000
4.9550275802612305 42.5 30000
4.95731258392334 42.5 30000
4.959152698516846 42.5 30000
4.961399793624878 42.5 30000
4.963428497314453 42.5 30000
4.96476149559021 42.5 30000
4.966756343841553 42.5 30000
4.970155954360962 42.5 30000
4.971742868423462 42.67 30000
4.974734544754028 42.67 30000
4.976369857788086 42.67 30000
4.978723764419556 42.67 30000
4.980194330215454 42.67 30000
4.9827141761779785 42.67 30000
4.985705614089966 42.67 30000
4.98769998550415 42.67 30000
4.989693641662598 42.67 30000
4.991688966751099 42.67 30000
4.9936842918396 42.83 30000
4.995678424835205 42.83 30000
4.997320890426636 42.83 30000
5.00066614151001 42.83 30000
5.00265908241272 42.83 30000
5.004701137542725 42.83 30000
5.0066492557525635 42.83 30000
5.00777530670166 42.83 30000
5.01063871383667 42.83 30000
5.0126330852508545 43.0 30000
5.013630151748657 43.0 30000
5.016622304916382 43.0 30000
5.018617391586304 43.0 30000
5.019617080688477 43.0 30000
5.02260684967041 43.0 30000
5.024600982666016 43.0 30000
5.026595830917358 43.0 30000
5.02859091758728 43.0 30000
5.029587984085083 43.0 30000
5.031583309173584 43.16 30000
5.0345752239227295 43.16 30000
5.036567687988281 43.16 30000
5.03856348991394 43.16 30000
5.0405590534210205 43.16 30000
5.042553424835205 43.16 30000
5.044571876525879 43.16 30000
5.0455451011657715 43.16 30000
5.048537254333496 43.16 30000
5.050532102584839 43.16 30000
5.052527666091919 43.33 30000
5.054520845413208 43.33 30000
5.056515693664551 43.33 30000
5.058510065078735 43.33 30000
5.060503959655762 43.33 30000
5.0625 43.33 30000
5.064494848251343 43.33 30000
5.066490173339844 43.33 30000
5.068483829498291 43.33 30000
5.070478916168213 43.33 30000
5.072472810745239 43.5 30000
5.074467658996582 43.5 30000
5.076462268829346 43.5 30000
5.078456878662109 43.5 30000
5.080450534820557 43.5 30000
5.082448720932007 43.5 30000
5.084458351135254 43.5 30000
5.086444616317749 43.5 30000
5.088431358337402 43.5 30000
5.090487957000732 43.5 30000
5.092520236968994 43.66 30000
5.094658613204956 43.66 30000
5.0964086055755615 43.66 30000
5.098505973815918 43.66 30000
5.100398778915405 43.66 30000
5.102411985397339 43.66 30000
5.10439133644104 43.66 30000
5.106408596038818 43.66 30000
5.1083784103393555 43.66 30000
5.110372543334961 43.83 30000
5.117354393005371 43.83 30000
5.119348049163818 43.83 30000
5.121468782424927 43.83 30000
5.123497247695923 43.83 30000
5.12544322013855 43.83 30000
5.128434896469116 43.83 30000
5.131598234176636 43.99 30000
5.133520603179932 43.99 30000
5.135421991348267 43.99 30000
5.137543678283691 43.99 30000
5.139434576034546 43.99 30000
5.141412019729614 43.99 30000
5.14452052116394 43.99 30000
5.147357940673828 43.99 30000
5.149270057678223 44.16 30000
5.151286602020264 44.16 30000
5.15329122543335 44.16 30000
5.156285524368286 44.16 30000
5.161239862442017 44.16 30000
5.165230751037598 44.16 30000
5.167600393295288 44.16 30000
5.171213865280151 44.32 30000
5.174246072769165 44.32 30000
5.178200721740723 44.32 30000
5.181280136108398 44.32 30000
5.184219598770142 44.32 30000
5.1871726512908936 44.32 30000
5.190165758132935 44.49 30000
5.194148302078247 44.49 30000
5.1971447467803955 44.49 30000
5.200172185897827 44.49 30000
5.203128337860107 44.49 30000
5.206118106842041 44.49 30000
5.210110425949097 44.65 30000
5.213137865066528 44.65 30000
5.216097593307495 44.65 30000
5.219084739685059 44.65 30000
5.224071502685547 44.65 30000
5.227064609527588 44.65 30000
5.230058670043945 44.82 30000
5.233048915863037 44.82 30000
5.236041784286499 44.82 30000
5.240032434463501 44.82 30000
5.2430267333984375 44.82 30000
5.246014356613159 44.82 30000
5.249008417129517 44.99 30000
5.251996994018555 44.99 30000
5.256073474884033 44.99 30000
5.258982419967651 44.99 30000
5.261971473693848 44.99 30000
5.264965772628784 44.99 30000
5.267995119094849 45.15 30000
5.272944450378418 45.15 30000
5.275996208190918 45.15 30000
5.278927326202393 45.15 30000
5.281913757324219 45.15 30000
5.286907196044922 45.32 30000
5.289892911911011 45.32 30000
5.292925596237183 45.32 30000
5.295881748199463 45.32 30000
5.298870801925659 45.32 30000
5.305854082107544 45.32 30000
5.308867692947388 45.48 30000
5.311840295791626 45.48 30000
5.314931869506836 45.48 30000
5.319820165634155 45.48 30000
5.322805166244507 45.48 30000
5.3258843421936035 45.65 30000
5.328789472579956 45.65 30000
5.332806348800659 45.65 30000
5.335771560668945 45.65 30000
5.338765382766724 45.65 30000
5.342054605484009 45.65 30000
5.344751596450806 45.65 30000
5.349736928939819 45.81 30000
5.352727890014648 45.81 30000
5.355025291442871 45.81 30000
5.358057498931885 45.81 30000
5.360740661621094 45.81 30000
5.365945100784302 45.97 30000
5.3687214851379395 45.97 30000
5.371850967407227 45.97 30000
5.3747711181640625 45.97 30000
5.377702951431274 45.97 30000
5.382812976837158 45.97 30000
5.385711669921875 46.14 30000
5.388662338256836 46.14 30000
5.391707897186279 46.14 30000
5.395813465118408 46.14 30000
5.398603439331055 46.14 30000
5.401595830917358 46.14 30000
5.404926538467407 46.14 30000
5.407767057418823 46.31 30000
5.412568807601929 46.31 30000
5.415596008300781 46.31 30000
5.418550252914429 46.31 30000
5.422585725784302 46.31 30000
5.426603317260742 46.47 30000
5.429558753967285 46.47 30000
5.432565927505493 46.47 30000
5.435558557510376 46.47 30000
5.43852972984314 46.47 30000
5.442493677139282 46.47 30000
5.445531845092773 46.64 30000
5.44847297668457 46.64 30000
5.452467203140259 46.64 30000
5.455456018447876 46.64 30000
5.460628271102905 46.64 30000
5.463453054428101 46.64 30000
5.46647310256958 46.8 30000
5.4694178104400635 46.8 30000
5.475404500961304 46.8 30000
5.478393316268921 46.8 30000
5.480388402938843 46.8 30000
5.484370946884155 46.8 30000
5.486367464065552 46.97 30000
5.492357492446899 46.97 30000
5.4953508377075195 46.97 30000
5.497602224349976 46.97 30000
5.500532150268555 46.97 30000
5.505323171615601 47.13 30000
5.508311748504639 47.13 30000
5.511309862136841 47.13 30000
5.514297008514404 47.13 30000
5.517284631729126 47.13 30000
5.52227520942688 47.13 30000
5.5252685546875 47.3 30000
5.529257297515869 47.3 30000
5.5322511196136475 47.3 30000
5.538236379623413 47.3 30000
5.541220426559448 47.3 30000
5.544310092926025 47.46 30000
5.547204971313477 47.46 30000
5.552190542221069 47.46 30000
5.555224180221558 47.46 30000
5.5581748485565186 47.46 30000
5.561173439025879 47.46 30000
5.566161632537842 47.63 30000
5.569151163101196 47.63 30000
5.572144269943237 47.63 30000
5.5751354694366455 47.63 30000
5.578121900558472 47.63 30000
5.582118034362793 47.63 30000
5.585129737854004 47.79 30000
5.588137149810791 47.79 30000
5.591094255447388 47.79 30000
5.594085693359375 47.79 30000
5.599071502685547 47.79 30000
5.602062225341797 47.79 30000
5.605052471160889 47.96 30000
5.608324289321899 47.96 30000
5.613035202026367 47.96 30000
5.61606502532959 47.96 30000
5.6200172901153564 47.96 30000
5.623009204864502 48.12 30000
5.626059055328369 48.12 30000
5.631976842880249 48.12 30000
5.635012626647949 48.12 30000
5.638075590133667 48.12 30000
5.640958786010742 48.29 30000
5.64594292640686 48.29 30000
5.648932933807373 48.29 30000
5.65192723274231 48.29 30000
5.6549224853515625 48.29 30000
5.657915830612183 48.29 30000
5.662898540496826 48.45 30000
5.6658935546875 48.45 30000
5.668913125991821 48.45 30000
5.6718785762786865 48.45 30000
5.676860570907593 48.45 30000
5.6798601150512695 48.45 30000
5.683845043182373 48.62 30000
5.686838150024414 48.62 30000
5.692832946777344 48.62 30000
5.695809364318848 48.62 30000
5.698799133300781 48.62 30000
5.701792478561401 48.79 30000
5.704784154891968 48.79 30000
5.708833694458008 48.79 30000
5.711952209472656 48.79 30000
5.714894771575928 48.79 30000
5.7177512645721436 48.79 30000
5.720746040344238 48.95 30000
5.725867986679077 48.95 30000
5.728759527206421 48.95 30000
5.731718063354492 48.95 30000
5.734766483306885 48.95 30000
5.739695310592651 49.12 30000
5.742719411849976 49.12 30000
5.7456746101379395 49.12 30000
5.748670339584351 49.12 30000
5.753655672073364 49.12 30000
5.757643699645996 49.12 30000
5.76063871383667 49.29 30000
5.763628005981445 49.29 30000
5.766618490219116 49.29 30000
5.7716064453125 49.29 30000
5.775708436965942 49.29 30000
5.778794765472412 49.29 30000
5.7815797328948975 49.45 30000
5.784715175628662 49.45 30000
5.78971004486084 49.45 30000
5.792593479156494 49.45 30000
5.795671224594116 49.45 30000
5.798688173294067 49.45 30000
5.803564548492432 49.61 30000
5.806735038757324 49.61 30000
5.809743642807007 49.61 30000
5.812739372253418 49.61 30000
5.815493822097778 49.61 30000
5.8207244873046875 49.78 30000
5.823481798171997 49.78 30000
5.827457666397095 49.78 30000
5.8294525146484375 49.78 30000
5.833451271057129 49.78 30000
5.837433338165283 49.78 30000
5.841423273086548 49.94 30000
5.8434178829193115 49.94 30000
5.84645676612854 49.94 30000
5.8525660037994385 49.94 30000
5.856401443481445 49.94 30000
5.85941219329834 50.1 30000
5.863405704498291 50.1 30000
5.867355823516846 50.1 30000
5.870343446731567 50.1 30000
5.873398303985596 50.1 30000
5.876328706741333 50.1 30000
5.879321575164795 50.27 30000
5.882314205169678 50.27 30000
5.886305093765259 50.27 30000
5.889294385910034 50.27 30000
5.892289400100708 50.27 30000
5.895275831222534 50.27 30000
5.899268627166748 50.43 30000
5.902308464050293 50.43 30000
5.905250549316406 50.43 30000
5.908369779586792 50.43 30000
5.911238193511963 50.43 30000
5.916739225387573 50.59 30000
5.920215606689453 50.59 30000
5.923198938369751 50.59 30000
5.926196098327637 50.59 30000
5.930184602737427 50.59 30000
5.934176921844482 50.59 30000
5.937201976776123 50.76 30000
5.940157175064087 50.76 30000
5.943147897720337 50.76 30000
5.949187755584717 50.76 30000
5.952126741409302 50.76 30000
5.955144882202148 50.76 30000
5.958106517791748 50.92 30000
5.963099718093872 50.92 30000
5.966090679168701 50.92 30000
5.969081401824951 50.92 30000
5.972127199172974 50.92 30000
5.975065231323242 50.92 30000
5.983045339584351 51.08 30000
5.987033367156982 51.08 30000
5.990025281906128 51.08 30000
5.993018627166748 51.08 30000
5.99610447883606 51.24 30000
5.999002695083618 51.24 30000
6.001996040344238 51.24 30000
6.004983186721802 51.24 30000
6.009973526000977 51.24 30000
6.012962818145752 51.24 30000
6.0159571170806885 51.41 30000
6.018946170806885 51.41 30000
6.021946430206299 51.41 30000
6.025927305221558 51.41 30000
6.028993606567383 51.41 30000
6.031951189041138 51.41 30000
6.0349037647247314 51.57 30000
6.037897109985352 51.57 30000
6.042967796325684 51.57 30000
6.046874046325684 51.57 30000
6.049986124038696 51.57 30000
6.05285906791687 51.57 30000
6.055846929550171 51.73 30000
6.059837818145752 51.73 30000
6.061847448348999 51.73 30000
6.064819574356079 51.73 30000
6.0678136348724365 51.73 30000
6.072803735733032 51.73 30000
6.075827598571777 51.89 30000
6.078787803649902 51.89 30000
6.08277153968811 51.89 30000
6.087766170501709 51.89 30000
6.091751337051392 51.89 30000
6.094742774963379 52.05 30000
6.0978217124938965 52.05 30000
6.100732803344727 52.05 30000
6.104719638824463 52.05 30000
6.107709646224976 52.05 30000
6.11169958114624 52.05 30000
6.113692045211792 52.21 30000
6.11872673034668 52.21 30000
6.121671676635742 52.21 30000
6.124720573425293 52.21 30000
6.1277031898498535 52.21 30000
6.131645441055298 52.21 30000
6.134805917739868 52.38 30000
6.13768744468689 52.38 30000
6.140645265579224 52.38 30000
6.1437296867370605 52.38 30000
6.1467108726501465 52.38 30000
6.150688171386719 52.38 30000
6.153693437576294 52.54 30000
6.156615257263184 52.54 30000
6.159570693969727 52.54 30000
6.16255784034729 52.54 30000
6.167609214782715 52.54 30000
6.170587062835693 52.54 30000
6.173688888549805 52.7 30000
6.176746129989624 52.7 30000
6.179947853088379 52.7 30000
6.185716867446899 52.7 30000
6.188490390777588 52.7 30000
6.192483901977539 52.7 30000
6.194664001464844 52.86 30000
6.199258804321289 52.86 30000
6.201907157897949 52.86 30000
6.2045018672943115 52.86 30000
6.207458257675171 52.86 30000
6.21342921257019 53.02 30000
6.216419696807861 53.02 30000
6.218429327011108 53.02 30000
6.222440242767334 53.02 30000
6.22443962097168 53.02 30000
6.230384826660156 53.02 30000
6.2334113121032715 53.18 30000
6.235553979873657 53.18 30000
6.239358186721802 53.18 30000
6.2413530349731445 53.18 30000
6.247335910797119 53.18 30000
6.2503275871276855 53.18 30000
6.253332614898682 53.34 30000
6.256312847137451 53.34 30000
6.261297941207886 53.34 30000
6.264358043670654 53.34 30000
6.267284870147705 53.34 30000
6.270275115966797 53.34 30000
6.273266077041626 53.5 30000
6.277256011962891 53.5 30000
6.280250549316406 53.5 30000
6.283244609832764 53.5 30000
6.286272287368774 53.5 30000
6.289351463317871 53.5 30000
6.2942869663238525 53.66 30000
6.297201633453369 53.66 30000
6.299403667449951 53.66 30000
6.302220582962036 53.66 30000
6.3043272495269775 53.66 30000
6.306205749511719 53.66 30000
6.308176755905151 53.66 30000
6.310514688491821 53.82 30000
6.312372922897339 53.82 30000
6.3141868114471436 53.82 30000
6.316406965255737 53.82 30000
6.318401098251343 53.82 30000
6.321410894393921 53.82 30000
6.323290109634399 53.82 30000
6.32528281211853 53.82 30000
6.327427864074707 53.82 30000
6.329570293426514 53.82 30000
6.331249952316284 53.98 30000
6.333380222320557 53.98 30000
6.33523964881897 53.98 30000
6.337265729904175 53.98 30000
6.339555978775024 53.98 30000
6.3414599895477295 53.98 30000
6.3434669971466064 53.98 30000
6.345245361328125 53.98 30000
6.347621202468872 53.98 30000
6.349324703216553 54.14 30000
6.352508544921875 54.14 30000
6.354575157165527 54.14 30000
6.356226444244385 54.14 30000
6.358211994171143 54.14 30000
6.360504388809204 54.14 30000
6.362625598907471 54.14 30000
6.364504098892212 54.14 30000
6.366192817687988 54.14 30000
6.369201183319092 54.14 30000
6.37140154838562 54.29 30000
6.375133991241455 54.29 30000
6.3781678676605225 54.29 30000
6.381117820739746 54.29 30000
6.385149002075195 54.29 30000
6.388140678405762 54.29 30000
6.391091585159302 54.45 30000
6.394086599349976 54.45 30000
6.397077798843384 54.45 30000
6.4040586948394775 54.45 30000
6.40711784362793 54.45 30000
6.410041332244873 54.61 30000
6.413033485412598 54.61 30000
6.417021989822388 54.61 30000
6.420057058334351 54.61 30000
6.423008918762207 54.61 30000
6.426001071929932 54.61 30000
6.429031133651733 54.77 30000
6.432977914810181 54.77 30000
6.436012506484985 54.77 30000
6.438964605331421 54.77 30000
6.441995143890381 54.77 30000
6.444955348968506 54.77 30000
6.449981451034546 54.93 30000
6.452966928482056 54.93 30000
6.4559245109558105 54.93 30000
6.458910703659058 54.93 30000
6.463900804519653 54.93 30000
6.466981410980225 54.93 30000
6.469883680343628 55.09 30000
6.473098993301392 55.09 30000
6.476371765136719 55.09 30000
6.487455129623413 55.09 30000
6.489451885223389 55.24 30000
6.493478298187256 55.24 30000
6.497498512268066 55.24 30000
6.499809741973877 55.24 30000
6.502517223358154 55.24 30000
6.506449937820435 55.24 30000
6.510402202606201 55.4 30000
6.515438556671143 55.4 30000
6.518375635147095 55.4 30000
6.52236270904541 55.4 30000
6.527347564697266 55.4 30000
6.5293426513671875 55.56 30000
6.533331871032715 55.56 30000
6.53636908531189 55.56 30000
6.539322853088379 55.56 30000
6.543310642242432 55.56 30000
6.546297311782837 55.56 30000
6.549293041229248 55.72 30000
6.552322626113892 55.72 30000
6.55527400970459 55.72 30000
6.559300661087036 55.72 30000
6.562296152114868 55.72 30000
6.565249919891357 55.72 30000
6.5682830810546875 55.88 30000
6.571277618408203 55.88 30000
6.5752246379852295 55.88 30000
6.578213453292847 55.88 30000
6.581244468688965 55.88 30000
6.5842368602752686 55.88 30000
6.587188720703125 55.88 30000
6.591222286224365 56.04 30000
6.5942161083221436 56.04 30000
6.597198009490967 56.04 30000
6.600203037261963 56.04 30000
6.603146553039551 56.04 30000
6.607134580612183 56.04 30000
6.61016845703125 56.2 30000
6.613191366195679 56.2 30000
6.616418123245239 56.2 30000
6.619213819503784 56.2 30000
6.623094081878662 56.2 30000
6.626207113265991 56.2 30000
6.6290764808654785 56.36 30000
6.632071495056152 56.36 30000
6.635120391845703 56.36 30000
6.639049291610718 56.36 30000
6.642082452774048 56.36 30000
6.645076274871826 56.36 30000
6.648026943206787 56.53 30000
6.65102481842041 56.53 30000
6.656006574630737 56.53 30000
6.659002065658569 56.53 30000
6.661990642547607 56.53 30000
6.664981126785278 56.53 30000
6.667973756790161 56.69 30000
6.672005653381348 56.69 30000
6.674996376037598 56.69 30000
6.6779465675354 56.69 30000
6.680963754653931 56.69 30000
6.683929681777954 56.69 30000
6.690941095352173 56.84 30000
6.694941520690918 56.84 30000
6.697891712188721 56.84 30000
6.701899528503418 56.84 30000
6.704914569854736 56.84 30000
6.707868337631226 57.0 30000
6.710857152938843 57.0 30000
6.713930606842041 57.0 30000
6.719831705093384 57.0 30000
6.7228264808654785 57.0 30000
6.725820779800415 57.0 30000
6.7289135456085205 57.15 30000
6.73479437828064 57.15 30000
6.7377870082855225 57.15 30000
6.740818500518799 57.15 30000
6.743776082992554 57.15 30000
6.74679708480835 57.31 30000
6.751750946044922 57.31 30000
6.754857540130615 57.31 30000
6.757935285568237 57.31 30000
6.760931730270386 57.31 30000
6.765043258666992 57.47 30000
6.768746614456177 57.47 30000
6.771883249282837 57.47 30000
6.774690389633179 57.47 30000
6.777685165405273 57.47 30000
6.782665014266968 57.47 30000
6.785657167434692 57.62 30000
6.7889204025268555 57.62 30000
6.791691541671753 57.62 30000
6.796656131744385 57.62 30000
6.799621105194092 57.62 30000
6.803612470626831 57.62 30000
6.805662631988525 57.78 30000
6.808640956878662 57.78 30000
6.812722206115723 57.78 30000
6.815629005432129 57.78 30000
6.818784952163696 57.78 30000
6.822598695755005 57.78 30000
6.824590444564819 57.93 30000
6.828668117523193 57.93 30000
6.831533908843994 57.93 30000
6.835530996322632 57.93 30000
6.837773561477661 57.93 30000
6.840561389923096 57.93 30000
6.845553636550903 58.09 30000
6.8497443199157715 58.09 30000
6.853514194488525 58.09 30000
6.855510473251343 58.09 30000
6.861678838729858 58.09 30000
6.865482568740845 58.24 30000
6.868438482284546 58.24 30000
6.87163782119751 58.24 30000
6.876415491104126 58.24 30000
6.8794097900390625 58.24 30000
6.88252592086792 58.24 30000
6.8853936195373535 58.4 30000
6.888383626937866 58.4 30000
6.89145040512085 58.4 30000
6.895480394363403 58.4 30000
6.898355722427368 58.4 30000
6.901349067687988 58.4 30000
6.904343605041504 58.55 30000
6.909569501876831 58.55 30000
6.912321090698242 58.55 30000
6.915350675582886 58.55 30000
6.918344974517822 58.55 30000
6.924288272857666 58.7 30000
6.9272801876068115 58.7 30000
6.930323839187622 58.7 30000
6.933303594589233 58.7 30000
6.936257600784302 58.7 30000
6.941240549087524 58.7 30000
6.944233655929565 58.86 30000
6.947228193283081 58.86 30000
6.950216770172119 58.86 30000
6.953211307525635 58.86 30000
6.9602296352386475 58.86 30000
6.963217496871948 59.01 30000
6.966180086135864 59.01 30000
6.969176292419434 59.01 30000
6.977147817611694 59.01 30000
6.980177879333496 59.01 30000
6.983266830444336 59.17 30000
6.988157749176025 59.17 30000
6.991159439086914 59.17 30000
6.994140625 59.17 30000
6.997134447097778 59.17 30000
7.000239133834839 59.32 30000
7.004073858261108 59.32 30000
7.007071018218994 59.32 30000
7.01006555557251 59.32 30000
7.013049364089966 59.32 30000
7.01604151725769 59.32 30000
7.021072864532471 59.47 30000
7.024504661560059 59.47 30000
7.027102947235107 59.47 30000
7.030048131942749 59.47 30000
7.035130500793457 59.47 30000
7.038028955459595 59.47 30000
7.041045188903809 59.63 30000
7.044001817703247 59.63 30000
7.046966552734375 59.63 30000
7.0519514083862305 59.63 30000
7.0549821853637695 59.63 30000
7.057929039001465 59.63 30000
7.060956954956055 59.78 30000
7.0639142990112305 59.78 30000
7.068899869918823 59.78 30000
7.0718934535980225 59.78 30000
7.07501745223999 59.78 30000
7.077877759933472 59.78 30000
7.081909656524658 59.93 30000
7.084859848022461 59.93 30000
7.088111877441406 59.93 30000
7.091209173202515 59.93 30000
7.0938332080841064 59.93 30000
7.098820924758911 60.08 30000
7.102078914642334 60.08 30000
7.104866981506348 60.08 30000
7.108793020248413 60.08 30000
7.1127846240997314 60.08 30000
7.115818500518799 60.08 30000
7.118856191635132 60.23 30000
7.121761083602905 60.23 30000
7.124750852584839 60.23 30000
7.129781246185303 60.23 30000
7.132787227630615 60.23 30000
7.136721611022949 60.23 30000
7.139713525772095 60.39 30000
7.1428210735321045 60.39 30000
7.145695686340332 60.39 30000
7.148746013641357 60.39 30000
7.151836395263672 60.39 30000
7.154672145843506 60.39 30000
7.159697771072388 60.54 30000
7.1629414558410645 60.54 30000
7.165839910507202 60.54 30000
7.169669151306152 60.54 30000
7.174679517745972 60.54 30000
7.177983999252319 60.69 30000
7.180689096450806 60.69 30000
7.183913469314575 60.69 30000
7.187714576721191 60.69 30000
7.192569255828857 60.69 30000
7.1947104930877686 60.69 30000
7.197796583175659 60.84 30000
7.200616121292114 60.84 30000
7.204577922821045 60.84 30000
7.2077248096466064 60.84 30000
7.210524797439575 60.84 30000
7.213685512542725 60.84 30000
7.217502117156982 60.84 30000
7.222554683685303 61.0 30000
7.224534511566162 61.0 30000
7.22847580909729 61.0 30000
7.230470657348633 61.0 30000
7.234458923339844 61.0 30000
7.238444805145264 61.15 30000
7.242444753646851 61.15 30000
7.245474100112915 61.15 30000
7.248422384262085 61.15 30000
7.252455234527588 61.15 30000
7.255458116531372 61.15 30000
7.2584381103515625 61.3 30000
7.260610103607178 61.3 30000
7.2636730670928955 61.3 30000
7.268367290496826 61.3 30000
7.2713987827301025 61.3 30000
7.274351596832275 61.3 30000
7.277386665344238 61.45 30000
7.2803425788879395 61.45 30000
7.287315368652344 61.45 30000
7.290310621261597 61.45 30000
7.293301105499268 61.45 30000
7.296333312988281 61.6 30000
7.3013222217559814 61.6 30000
7.3042871952056885 61.6 30000
7.307262659072876 61.6 30000
7.310300827026367 61.6 30000
7.3142430782318115 61.6 30000
7.317235708236694 61.75 30000
7.320272207260132 61.75 30000
7.323259592056274 61.75 30000
7.326211214065552 61.75 30000
7.331238269805908 61.75 30000
7.334231615066528 61.75 30000
7.337222576141357 61.9 30000
7.340173721313477 61.9 30000
7.343166828155518 61.9 30000
7.349190711975098 61.9 30000
7.352149963378906 61.9 30000
7.355133771896362 62.05 30000
7.358167409896851 62.05 30000
7.362173318862915 62.05 30000
7.365108013153076 62.05 30000
7.368137836456299 62.05 30000